Python 3.8.17
model: OM2
pyscf-semiempirical version 0.1.0
pyscf-semiempirical path /Users/chancelander/Documents/Shao/semiempirical/code/semiempirical
GIT HEAD (branch develop_chance) 4cdcf9f91d7a22acc5d021f448b1bc7d225af21e


******** <class 'pyscf.semiempirical.omx_class.ROM2'> ********
method = ROM2-RHF
initial guess = minao
damping factor = 0
level_shift factor = 0
DIIS = <class 'pyscf.scf.diis.CDIIS'>
diis_start_cycle = 1
diis_space = 8
SCF conv_tol = 1e-06
SCF conv_tol_grad = None
SCF max_cycles = 50
direct_scf = True
direct_scf_tol = 1e-13
chkfile to save SCF result = /var/folders/cm/dxbrpnn958s0gr686nw_3fxc0000gn/T/tmpr8w8t5ib
max_memory 4000 MB (current use 0 MB)
Set gradient conv threshold to 0.001
Overlap 1e
              1           2           3           4           5           6           7           8           9  
   1 -    1.000000    0.000000    0.000000    0.000000    0.153198   -0.195806    0.000000    0.000000    0.350281
   2 -    0.000000    1.000000    0.000000    0.000000    0.245082   -0.225464    0.000000    0.000000   -0.184747
   3 -    0.000000    0.000000    1.000000    0.000000    0.000000    0.000000    0.101425    0.000000    0.319991
   4 -    0.000000    0.000000    0.000000    1.000000    0.000000    0.000000    0.000000    0.101425    0.000000
   5 -    0.153198    0.245082    0.000000    0.000000    1.000000    0.000000    0.000000    0.000000    0.028291
   6 -   -0.195806   -0.225464    0.000000    0.000000    0.000000    1.000000    0.000000    0.000000   -0.034992
   7 -    0.000000    0.000000    0.101425    0.000000    0.000000    0.000000    1.000000    0.000000    0.018273
   8 -    0.000000    0.000000    0.000000    0.101425    0.000000    0.000000    0.000000    1.000000    0.000000
   9 -    0.350281   -0.184747    0.319991    0.000000    0.028291   -0.034992    0.018273    0.000000    1.000000
Rot T
              1           2           3           4  
   1 -    1.000000    0.000000    0.000000    0.000000
   2 -    0.000000    0.000000    0.000000   -1.000000
   3 -    0.000000    0.000000   -1.000000    0.000000
   4 -    0.000000   -1.000000    0.000000    0.000000
zi: 7 zj: 8
zi: 7 zj: 8
ovlpS: 0.020040873194341172
ovlpP: 0.04315894922601496
ovlpS: 0.009279143400205681
ovlpP: 0.026019483892841158
Atoms: 7 8
gssma: -2.074652961002353
gssam: -3.5067297265802226
gpsma: -1.8274226517423722
gpsam: -3.7686290070081756
gecp
              1           2           3           4  
   1 -    0.000000    0.000000    0.000000    0.000000
   2 -    0.000000    0.000000    0.000000    0.000000
   3 -    0.000000    0.000000    0.000000    0.000000
   4 -    0.000000    0.000000    0.000000    0.000000
Rot T
              1           2           3           4  
   1 -    1.000000    0.000000    0.000000    0.000000
   2 -    0.000000    0.000000    0.000000   -1.000000
   3 -    0.000000    0.866025    0.500000    0.000000
   4 -    0.000000    0.500000   -0.866025    0.000000
zi: 7 zj: 1
zi: 7 zj: 1
ovlpS: 0.04361561412734481
Rot T
              1           2           3           4  
   1 -    1.000000    0.000000    0.000000    0.000000
   2 -    0.000000    0.000000    0.000000   -1.000000
   3 -    0.000000    0.462885    0.886418    0.000000
   4 -    0.000000    0.886418   -0.462885    0.000000
zi: 8 zj: 1
zi: 8 zj: 1
ovlpS: 0.003167246214268434
Rot T
              1           2           3           4  
   1 -    1.000000    0.000000    0.000000    0.000000
   2 -    0.000000    0.000000    0.000000   -1.000000
   3 -    0.000000    0.000000    1.000000    0.000000
   4 -    0.000000    1.000000    0.000000    0.000000
Rot T
              1           2           3           4  
   1 -    1.000000    0.000000    0.000000    0.000000
   2 -    0.000000    0.000000    0.000000   -1.000000
   3 -    0.000000    0.866025    0.500000    0.000000
   4 -    0.000000    0.500000   -0.866025    0.000000
Rot T
              1           2           3           4  
   1 -    1.000000    0.000000    0.000000    0.000000
   2 -    0.000000    0.000000    0.000000   -1.000000
   3 -    0.000000    0.462885    0.886418    0.000000
   4 -    0.000000    0.886418   -0.462885    0.000000
  Electronic Energy:   -5.0111722 Eh, -136.3609407 eV
  Nuclear Energy:      13.4333993 Eh,  365.5414147 eV

init E= 8.42222715078545
  HOMO = 5.43054964354267  LUMO = 5.43920656143484
Rot T
              1           2           3           4  
   1 -    1.000000    0.000000    0.000000    0.000000
   2 -    0.000000    0.000000    0.000000   -1.000000
   3 -    0.000000    0.000000    1.000000    0.000000
   4 -    0.000000    1.000000    0.000000    0.000000
Rot T
              1           2           3           4  
   1 -    1.000000    0.000000    0.000000    0.000000
   2 -    0.000000    0.000000    0.000000   -1.000000
   3 -    0.000000    0.866025    0.500000    0.000000
   4 -    0.000000    0.500000   -0.866025    0.000000
Rot T
              1           2           3           4  
   1 -    1.000000    0.000000    0.000000    0.000000
   2 -    0.000000    0.000000    0.000000   -1.000000
   3 -    0.000000    0.462885    0.886418    0.000000
   4 -    0.000000    0.886418   -0.462885    0.000000
  Electronic Energy:  -40.4380686 Eh, -1100.3758942 eV
  Nuclear Energy:      13.4333993 Eh,  365.5414147 eV

cycle= 1 E= -27.0046692800879  delta_E= -35.4  |g|= 0.186  |ddm|= 2.76
  HOMO = 5.3532015006465  LUMO = 5.7050032852592
Rot T
              1           2           3           4  
   1 -    1.000000    0.000000    0.000000    0.000000
   2 -    0.000000    0.000000    0.000000   -1.000000
   3 -    0.000000    0.000000    1.000000    0.000000
   4 -    0.000000    1.000000    0.000000    0.000000
Rot T
              1           2           3           4  
   1 -    1.000000    0.000000    0.000000    0.000000
   2 -    0.000000    0.000000    0.000000   -1.000000
   3 -    0.000000    0.866025    0.500000    0.000000
   4 -    0.000000    0.500000   -0.866025    0.000000
Rot T
              1           2           3           4  
   1 -    1.000000    0.000000    0.000000    0.000000
   2 -    0.000000    0.000000    0.000000   -1.000000
   3 -    0.000000    0.462885    0.886418    0.000000
   4 -    0.000000    0.886418   -0.462885    0.000000
  Electronic Energy:  -40.4405912 Eh, -1100.4445375 eV
  Nuclear Energy:      13.4333993 Eh,  365.5414147 eV

cycle= 2 E= -27.0071918743476  delta_E= -0.00252  |g|= 0.00655  |ddm|= 0.0376
  HOMO = 5.35028902978824  LUMO = 5.70231038791766
Rot T
              1           2           3           4  
   1 -    1.000000    0.000000    0.000000    0.000000
   2 -    0.000000    0.000000    0.000000   -1.000000
   3 -    0.000000    0.000000    1.000000    0.000000
   4 -    0.000000    1.000000    0.000000    0.000000
Rot T
              1           2           3           4  
   1 -    1.000000    0.000000    0.000000    0.000000
   2 -    0.000000    0.000000    0.000000   -1.000000
   3 -    0.000000    0.866025    0.500000    0.000000
   4 -    0.000000    0.500000   -0.866025    0.000000
Rot T
              1           2           3           4  
   1 -    1.000000    0.000000    0.000000    0.000000
   2 -    0.000000    0.000000    0.000000   -1.000000
   3 -    0.000000    0.462885    0.886418    0.000000
   4 -    0.000000    0.886418   -0.462885    0.000000
  Electronic Energy:  -40.4405942 Eh, -1100.4446201 eV
  Nuclear Energy:      13.4333993 Eh,  365.5414147 eV

cycle= 3 E= -27.0071949083719  delta_E= -3.03e-06  |g|= 0.000156  |ddm|= 0.00132
  HOMO = 5.35028646842455  LUMO = 5.70230521934955
Rot T
              1           2           3           4  
   1 -    1.000000    0.000000    0.000000    0.000000
   2 -    0.000000    0.000000    0.000000   -1.000000
   3 -    0.000000    0.000000    1.000000    0.000000
   4 -    0.000000    1.000000    0.000000    0.000000
Rot T
              1           2           3           4  
   1 -    1.000000    0.000000    0.000000    0.000000
   2 -    0.000000    0.000000    0.000000   -1.000000
   3 -    0.000000    0.866025    0.500000    0.000000
   4 -    0.000000    0.500000   -0.866025    0.000000
Rot T
              1           2           3           4  
   1 -    1.000000    0.000000    0.000000    0.000000
   2 -    0.000000    0.000000    0.000000   -1.000000
   3 -    0.000000    0.462885    0.886418    0.000000
   4 -    0.000000    0.886418   -0.462885    0.000000
  Electronic Energy:  -40.4405942 Eh, -1100.4446201 eV
  Nuclear Energy:      13.4333993 Eh,  365.5414147 eV

cycle= 4 E= -27.0071949096572  delta_E= -1.29e-09  |g|= 4.63e-06  |ddm|= 2.61e-05
  HOMO = 5.35028626562149  LUMO = 5.70230499630805
Rot T
              1           2           3           4  
   1 -    1.000000    0.000000    0.000000    0.000000
   2 -    0.000000    0.000000    0.000000   -1.000000
   3 -    0.000000    0.000000    1.000000    0.000000
   4 -    0.000000    1.000000    0.000000    0.000000
Rot T
              1           2           3           4  
   1 -    1.000000    0.000000    0.000000    0.000000
   2 -    0.000000    0.000000    0.000000   -1.000000
   3 -    0.000000    0.866025    0.500000    0.000000
   4 -    0.000000    0.500000   -0.866025    0.000000
Rot T
              1           2           3           4  
   1 -    1.000000    0.000000    0.000000    0.000000
   2 -    0.000000    0.000000    0.000000   -1.000000
   3 -    0.000000    0.462885    0.886418    0.000000
   4 -    0.000000    0.886418   -0.462885    0.000000
  Electronic Energy:  -40.4405942 Eh, -1100.4446201 eV
  Nuclear Energy:      13.4333993 Eh,  365.5414147 eV

Extra cycle  E= -27.0071949096592  delta_E= -2e-12  |g|= 3.01e-07  |ddm|= 1.17e-06
converged SCF energy = -27.0071949096592
Heat of formation = -5029.0546486609 kcal/mol, -8.01415164379171 Eh
