Python 3.8.17
model: OM2
pyscf-semiempirical version 0.1.0
pyscf-semiempirical path /Users/chancelander/Documents/Shao/semiempirical/code/semiempirical
GIT ORIG_HEAD 85fe15ce60c5553bcab9e59f05acd2256b3650bc
GIT HEAD (branch develop_chance) ef2020915ca7c52fb3a203c68fa324cef3376ec8


******** <class 'pyscf.semiempirical.omx_class.ROM2'> ********
method = ROM2-RHF
initial guess = minao
damping factor = 0
level_shift factor = 0
DIIS = <class 'pyscf.scf.diis.CDIIS'>
diis_start_cycle = 1
diis_space = 8
SCF conv_tol = 1e-06
SCF conv_tol_grad = None
SCF max_cycles = 50
direct_scf = True
direct_scf_tol = 1e-13
chkfile to save SCF result = /var/folders/cm/dxbrpnn958s0gr686nw_3fxc0000gn/T/tmpu4ibe68o
max_memory 4000 MB (current use 0 MB)
Set gradient conv threshold to 0.001
Overlap 1e
              1           2           3           4           5  
   1 -    1.000000    0.000000    0.000000    0.000000    0.153198
   2 -    0.000000    1.000000    0.000000    0.000000    0.245082
   3 -    0.000000    0.000000    1.000000    0.000000    0.000000
   4 -    0.000000    0.000000    0.000000    1.000000    0.000000
   5 -    0.153198    0.245082    0.000000    0.000000    1.000000
   6 -   -0.195806   -0.225464    0.000000    0.000000    0.000000
   7 -    0.000000    0.000000    0.101425    0.000000    0.000000
   8 -    0.000000    0.000000    0.000000    0.101425    0.000000
   9 -    0.350281   -0.184747    0.319991    0.000000    0.028291
              6           7           8           9  
   1 -   -0.195806    0.000000    0.000000    0.350281
   2 -   -0.225464    0.000000    0.000000   -0.184747
   3 -    0.000000    0.101425    0.000000    0.319991
   4 -    0.000000    0.000000    0.101425    0.000000
   5 -    0.000000    0.000000    0.000000    0.028291
   6 -    1.000000    0.000000    0.000000   -0.034992
   7 -    0.000000    1.000000    0.000000    0.018273
   8 -    0.000000    0.000000    1.000000    0.000000
   9 -   -0.034992    0.018273    0.000000    1.000000
Rot T
              1           2           3           4  
   1 -    1.000000    0.000000    0.000000    0.000000
   2 -    0.000000    0.000000    0.000000   -1.000000
   3 -    0.000000    0.000000   -1.000000    0.000000
   4 -    0.000000   -1.000000    0.000000    0.000000
e2a: [[0. 0. 0. 0.]
 [0. 0. 0. 0.]
 [0. 0. 0. 0.]
 [0. 0. 0. 0.]]
e1b: [[0. 0. 0. 0.]
 [0. 0. 0. 0.]
 [0. 0. 0. 0.]
 [0. 0. 0. 0.]]
i: 0 4 j: 4 8
i0, i1, j0, j1: 0 4 4 8
zi: 7 zj: 8
gssma: -2.074652961002353
gssam: -3.5067297265802226
gpsma: -1.8274226517423722
gpsam: -3.7686290070081756
vecp [0.10015637 0.22457307 0.47192548]
Rot T
              1           2           3           4  
   1 -    1.000000    0.000000    0.000000    0.000000
   2 -    0.000000    0.000000    0.000000   -1.000000
   3 -    0.000000    0.866025    0.500000    0.000000
   4 -    0.000000    0.500000   -0.866025    0.000000
e2a: [[0.]]
e1b: [[0. 0. 0. 0.]
 [0. 0. 0. 0.]
 [0. 0. 0. 0.]
 [0. 0. 0. 0.]]
i: 0 4 j: 8 9
i0, i1, j0, j1: 0 4 8 9
zi: 7 zj: 1
gssam: -3.945455886934286
vecp [1.11915769 0.         0.        ]
Rot T
              1           2           3           4  
   1 -    1.000000    0.000000    0.000000    0.000000
   2 -    0.000000    0.000000    0.000000   -1.000000
   3 -    0.000000    0.462885    0.886418    0.000000
   4 -    0.000000    0.886418   -0.462885    0.000000
e2a: [[0.]]
e1b: [[0. 0. 0. 0.]
 [0. 0. 0. 0.]
 [0. 0. 0. 0.]
 [0. 0. 0. 0.]]
i: 4 8 j: 8 9
i0, i1, j0, j1: 4 8 8 9
zi: 8 zj: 1
gssam: -0.0734047155095414
vecp [0.00562574 0.         0.        ]
B matrix
              1           2           3           4           5  
   1 -    0.000000    0.000000    0.000000    0.000000   -5.266358
   2 -    0.000000    0.000000    0.000000    0.000000   -4.526470
   3 -    0.000000    0.000000    0.000000    0.000000    0.000000
   4 -    0.000000    0.000000    0.000000    0.000000    0.000000
   5 -   -5.266358   -4.526470    0.000000    0.000000    0.000000
   6 -    5.684224    4.796865    0.000000    0.000000    0.000000
   7 -    0.000000    0.000000   -3.660051    0.000000    0.000000
   8 -    0.000000    0.000000    0.000000   -3.660051    0.000000
   9 -   -4.551110    2.163177   -3.746733    0.000000   -0.908397
              6           7           8           9  
   1 -    5.684224    0.000000    0.000000   -4.551110
   2 -    4.796865    0.000000    0.000000    2.163177
   3 -    0.000000   -3.660051    0.000000   -3.746733
   4 -    0.000000    0.000000   -3.660051    0.000000
   5 -    0.000000    0.000000    0.000000   -0.908397
   6 -    0.000000    0.000000    0.000000    0.986550
   7 -    0.000000    0.000000    0.000000   -0.515173
   8 -    0.000000    0.000000    0.000000    0.000000
   9 -    0.986550   -0.515173    0.000000    0.000000
Hloc
              1           2           3  
   1 -    0.000000    0.000000    0.000000
   2 -    0.000000    0.000000    0.000000
   3 -    0.000000    0.000000    0.000000
   4 -    0.000000    0.000000    0.000000
   5 -    0.000000    0.000000    0.000000
   6 -    0.000000    0.000000    0.000000
   7 -    0.000000    0.000000    0.000000
   8 -    0.000000    0.000000    0.000000
   9 -    0.000000    0.000000    0.000000
Rot T
              1           2           3           4  
   1 -    1.000000    0.000000    0.000000    0.000000
   2 -    0.000000    0.000000    0.000000   -1.000000
   3 -    0.000000    0.000000    1.000000    0.000000
   4 -    0.000000    1.000000    0.000000    0.000000
Rot T
              1           2           3           4  
   1 -    1.000000    0.000000    0.000000    0.000000
   2 -    0.000000    0.000000    0.000000   -1.000000
   3 -    0.000000    0.866025    0.500000    0.000000
   4 -    0.000000    0.500000   -0.866025    0.000000
Rot T
              1           2           3           4  
   1 -    1.000000    0.000000    0.000000    0.000000
   2 -    0.000000    0.000000    0.000000   -1.000000
   3 -    0.000000    0.462885    0.886418    0.000000
   4 -    0.000000    0.886418   -0.462885    0.000000
  Electronic Energy:   -5.0111722 Eh, -136.3609407 eV
  Nuclear Energy:      13.4333993 Eh,  365.5414147 eV

init E= 8.42222715078545
  HOMO = 4.60293418895517  LUMO = 5.43054964354266
Rot T
              1           2           3           4  
   1 -    1.000000    0.000000    0.000000    0.000000
   2 -    0.000000    0.000000    0.000000   -1.000000
   3 -    0.000000    0.000000    1.000000    0.000000
   4 -    0.000000    1.000000    0.000000    0.000000
Rot T
              1           2           3           4  
   1 -    1.000000    0.000000    0.000000    0.000000
   2 -    0.000000    0.000000    0.000000   -1.000000
   3 -    0.000000    0.866025    0.500000    0.000000
   4 -    0.000000    0.500000   -0.866025    0.000000
Rot T
              1           2           3           4  
   1 -    1.000000    0.000000    0.000000    0.000000
   2 -    0.000000    0.000000    0.000000   -1.000000
   3 -    0.000000    0.462885    0.886418    0.000000
   4 -    0.000000    0.886418   -0.462885    0.000000
  Electronic Energy:  -46.5683692 Eh, -1267.1898691 eV
  Nuclear Energy:      13.4333993 Eh,  365.5414147 eV

cycle= 1 E= -33.1349698429062  delta_E= -41.6  |g|= 0.101  |ddm|= 2.78
  HOMO = 4.48087529485081  LUMO = 5.62669578402544
Rot T
              1           2           3           4  
   1 -    1.000000    0.000000    0.000000    0.000000
   2 -    0.000000    0.000000    0.000000   -1.000000
   3 -    0.000000    0.000000    1.000000    0.000000
   4 -    0.000000    1.000000    0.000000    0.000000
Rot T
              1           2           3           4  
   1 -    1.000000    0.000000    0.000000    0.000000
   2 -    0.000000    0.000000    0.000000   -1.000000
   3 -    0.000000    0.866025    0.500000    0.000000
   4 -    0.000000    0.500000   -0.866025    0.000000
Rot T
              1           2           3           4  
   1 -    1.000000    0.000000    0.000000    0.000000
   2 -    0.000000    0.000000    0.000000   -1.000000
   3 -    0.000000    0.462885    0.886418    0.000000
   4 -    0.000000    0.886418   -0.462885    0.000000
  Electronic Energy:  -46.5688407 Eh, -1267.2027009 eV
  Nuclear Energy:      13.4333993 Eh,  365.5414147 eV

cycle= 2 E= -33.1354414005014  delta_E= -0.000472  |g|= 0.00253  |ddm|= 0.0144
  HOMO = 4.48095667472262  LUMO = 5.62698448703755
Rot T
              1           2           3           4  
   1 -    1.000000    0.000000    0.000000    0.000000
   2 -    0.000000    0.000000    0.000000   -1.000000
   3 -    0.000000    0.000000    1.000000    0.000000
   4 -    0.000000    1.000000    0.000000    0.000000
Rot T
              1           2           3           4  
   1 -    1.000000    0.000000    0.000000    0.000000
   2 -    0.000000    0.000000    0.000000   -1.000000
   3 -    0.000000    0.866025    0.500000    0.000000
   4 -    0.000000    0.500000   -0.866025    0.000000
Rot T
              1           2           3           4  
   1 -    1.000000    0.000000    0.000000    0.000000
   2 -    0.000000    0.000000    0.000000   -1.000000
   3 -    0.000000    0.462885    0.886418    0.000000
   4 -    0.000000    0.886418   -0.462885    0.000000
  Electronic Energy:  -46.5688413 Eh, -1267.2027163 eV
  Nuclear Energy:      13.4333993 Eh,  365.5414147 eV

cycle= 3 E= -33.1354419678326  delta_E= -5.67e-07  |g|= 0.000109  |ddm|= 0.000653
  HOMO = 4.48096047967114  LUMO = 5.62699678186005
Rot T
              1           2           3           4  
   1 -    1.000000    0.000000    0.000000    0.000000
   2 -    0.000000    0.000000    0.000000   -1.000000
   3 -    0.000000    0.000000    1.000000    0.000000
   4 -    0.000000    1.000000    0.000000    0.000000
Rot T
              1           2           3           4  
   1 -    1.000000    0.000000    0.000000    0.000000
   2 -    0.000000    0.000000    0.000000   -1.000000
   3 -    0.000000    0.866025    0.500000    0.000000
   4 -    0.000000    0.500000   -0.866025    0.000000
Rot T
              1           2           3           4  
   1 -    1.000000    0.000000    0.000000    0.000000
   2 -    0.000000    0.000000    0.000000   -1.000000
   3 -    0.000000    0.462885    0.886418    0.000000
   4 -    0.000000    0.886418   -0.462885    0.000000
  Electronic Energy:  -46.5688413 Eh, -1267.2027164 eV
  Nuclear Energy:      13.4333993 Eh,  365.5414147 eV

Extra cycle  E= -33.135441969144  delta_E= -1.31e-09  |g|= 7.6e-06  |ddm|= 3.27e-05
converged SCF energy = -33.135441969144
Heat of formation = -8874.66310885509 kcal/mol, -14.1423987032765 Eh
