Python 3.8.17
model: OM2
pyscf-semiempirical version 0.1.0
pyscf-semiempirical path /Users/chancelander/Documents/Shao/semiempirical/code/semiempirical
GIT HEAD (branch develop_chance) 2b1173915883935c73d01f7b6dad3b2ec7c37a4f


******** <class 'pyscf.semiempirical.omx_class.ROM2'> ********
method = ROM2-RHF
initial guess = minao
damping factor = 0
level_shift factor = 0
DIIS = <class 'pyscf.scf.diis.CDIIS'>
diis_start_cycle = 1
diis_space = 8
SCF conv_tol = 1e-06
SCF conv_tol_grad = None
SCF max_cycles = 50
direct_scf = True
direct_scf_tol = 1e-13
chkfile to save SCF result = /var/folders/cm/dxbrpnn958s0gr686nw_3fxc0000gn/T/tmpmcq8gxny
max_memory 4000 MB (current use 0 MB)
Set gradient conv threshold to 0.001
Overlap 1e
              1           2           3           4           5           6           7           8           9  
   1 -    1.000000    0.000000    0.000000    0.000000    0.153198   -0.195806    0.000000    0.000000    0.350281
   2 -    0.000000    1.000000    0.000000    0.000000    0.245082   -0.225464    0.000000    0.000000   -0.184747
   3 -    0.000000    0.000000    1.000000    0.000000    0.000000    0.000000    0.101425    0.000000    0.319991
   4 -    0.000000    0.000000    0.000000    1.000000    0.000000    0.000000    0.000000    0.101425    0.000000
   5 -    0.153198    0.245082    0.000000    0.000000    1.000000    0.000000    0.000000    0.000000    0.028291
   6 -   -0.195806   -0.225464    0.000000    0.000000    0.000000    1.000000    0.000000    0.000000   -0.034992
   7 -    0.000000    0.000000    0.101425    0.000000    0.000000    0.000000    1.000000    0.000000    0.018273
   8 -    0.000000    0.000000    0.000000    0.101425    0.000000    0.000000    0.000000    1.000000    0.000000
   9 -    0.350281   -0.184747    0.319991    0.000000    0.028291   -0.034992    0.018273    0.000000    1.000000
S basis  function: [0, (11.527780658503193, -0.19248), (2.4057817812746296, 0.66952), (0.6188395415141339, 0.5027)]
ECP function: [0, (275.34903093695135, -0.19248), (57.46376529389605, 0.66952), (14.781411366956817, 0.5027)]
S basis  function: [0, (4.839096915599791, 0.1543289673), (0.8814475438987167, 0.5353281423), (0.2385541045491192, 0.4446345422)]
ECP function: [0, (0.0, 0.1543289673), (0.0, 0.5353281423), (0.0, 0.4446345422)]
S basis  function: [0, (6.541774068573607, -0.19269), (1.375115319908109, 0.61888), (0.3635452037490187, 0.54926)]
ECP function: [0, (177.6410250320272, -0.19269), (37.34107787965589, 0.61888), (9.872022781969026, 0.54926)]
Overlap2 1e
              1           2           3  
   1 -    1.000000    0.000000    0.000000
   2 -    0.000000    1.000000    0.000000
   3 -    0.000000    0.000000    0.000000
Rot T
              1           2           3           4  
   1 -    1.000000    0.000000    0.000000    0.000000
   2 -    0.000000    0.000000    0.000000   -1.000000
   3 -    0.000000    0.000000   -1.000000    0.000000
   4 -    0.000000   -1.000000    0.000000    0.000000
b0_rotate
              1           2           3           4  
   1 -   -5.266358   -4.526470    0.000000    0.000000
   2 -    5.684224    4.796865    0.000000    0.000000
   3 -    0.000000    0.000000   -3.660051    0.000000
   4 -    0.000000    0.000000    0.000000   -3.660051
Atoms: 7 8
gssma: -2.074652961002353
gssam: -3.5067297265802226
gpsma: -1.8274226517423722
gpsam: -3.7686290070081756
gecp
              1           2           3           4  
   1 -    0.000000    0.000000    0.000000    0.000000
   2 -    0.000000    0.000000    0.000000    0.000000
   3 -    0.000000    0.000000    0.000000    0.000000
   4 -    0.000000    0.000000    0.000000    0.000000
Rot T
              1           2           3           4  
   1 -    1.000000    0.000000    0.000000    0.000000
   2 -    0.000000    0.000000    0.000000   -1.000000
   3 -    0.000000    0.866025    0.500000    0.000000
   4 -    0.000000    0.500000   -0.866025    0.000000
b0_rotate
              1           2           3           4  
   1 -   -4.551110    2.163177   -3.746733    0.000000
   2 -    0.000000    0.000000    0.000000    0.000000
   3 -    0.000000    0.000000    0.000000    0.000000
   4 -    0.000000    0.000000    0.000000    0.000000
Atoms: 7 1
gssam: -3.945455886934286
gecp
              1           2           3           4  
   1 -    0.000000    0.000000    0.000000    0.000000
   2 -    0.000000    0.000000    0.000000    0.000000
   3 -    0.000000    0.000000    0.000000    0.000000
   4 -    0.000000    0.000000    0.000000    0.000000
Rot T
              1           2           3           4  
   1 -    1.000000    0.000000    0.000000    0.000000
   2 -    0.000000    0.000000    0.000000   -1.000000
   3 -    0.000000    0.462885    0.886418    0.000000
   4 -    0.000000    0.886418   -0.462885    0.000000
b0_rotate
              1           2           3           4  
   1 -   -0.908397    0.986550   -0.515173    0.000000
   2 -    0.000000    0.000000    0.000000    0.000000
   3 -    0.000000    0.000000    0.000000    0.000000
   4 -    0.000000    0.000000    0.000000    0.000000
Atoms: 8 1
gssam: -0.0734047155095414
gecp
              1           2           3           4  
   1 -    0.000000    0.000000    0.000000    0.000000
   2 -    0.000000    0.000000    0.000000    0.000000
   3 -    0.000000    0.000000    0.000000    0.000000
   4 -    0.000000    0.000000    0.000000    0.000000
Rot T
              1           2           3           4  
   1 -    1.000000    0.000000    0.000000    0.000000
   2 -    0.000000    0.000000    0.000000   -1.000000
   3 -    0.000000    0.000000    1.000000    0.000000
   4 -    0.000000    1.000000    0.000000    0.000000
Rot T
              1           2           3           4  
   1 -    1.000000    0.000000    0.000000    0.000000
   2 -    0.000000    0.000000    0.000000   -1.000000
   3 -    0.000000    0.866025    0.500000    0.000000
   4 -    0.000000    0.500000   -0.866025    0.000000
Rot T
              1           2           3           4  
   1 -    1.000000    0.000000    0.000000    0.000000
   2 -    0.000000    0.000000    0.000000   -1.000000
   3 -    0.000000    0.462885    0.886418    0.000000
   4 -    0.000000    0.886418   -0.462885    0.000000
  Electronic Energy:   -5.0111722 Eh, -136.3609407 eV
  Nuclear Energy:      13.4333993 Eh,  365.5414147 eV

init E= 8.42222715078545
  HOMO = 5.43054964354267  LUMO = 5.43920656143484
Rot T
              1           2           3           4  
   1 -    1.000000    0.000000    0.000000    0.000000
   2 -    0.000000    0.000000    0.000000   -1.000000
   3 -    0.000000    0.000000    1.000000    0.000000
   4 -    0.000000    1.000000    0.000000    0.000000
Rot T
              1           2           3           4  
   1 -    1.000000    0.000000    0.000000    0.000000
   2 -    0.000000    0.000000    0.000000   -1.000000
   3 -    0.000000    0.866025    0.500000    0.000000
   4 -    0.000000    0.500000   -0.866025    0.000000
Rot T
              1           2           3           4  
   1 -    1.000000    0.000000    0.000000    0.000000
   2 -    0.000000    0.000000    0.000000   -1.000000
   3 -    0.000000    0.462885    0.886418    0.000000
   4 -    0.000000    0.886418   -0.462885    0.000000
  Electronic Energy:  -40.4380686 Eh, -1100.3758942 eV
  Nuclear Energy:      13.4333993 Eh,  365.5414147 eV

cycle= 1 E= -27.0046692800879  delta_E= -35.4  |g|= 0.186  |ddm|= 2.76
  HOMO = 5.3532015006465  LUMO = 5.7050032852592
Rot T
              1           2           3           4  
   1 -    1.000000    0.000000    0.000000    0.000000
   2 -    0.000000    0.000000    0.000000   -1.000000
   3 -    0.000000    0.000000    1.000000    0.000000
   4 -    0.000000    1.000000    0.000000    0.000000
Rot T
              1           2           3           4  
   1 -    1.000000    0.000000    0.000000    0.000000
   2 -    0.000000    0.000000    0.000000   -1.000000
   3 -    0.000000    0.866025    0.500000    0.000000
   4 -    0.000000    0.500000   -0.866025    0.000000
Rot T
              1           2           3           4  
   1 -    1.000000    0.000000    0.000000    0.000000
   2 -    0.000000    0.000000    0.000000   -1.000000
   3 -    0.000000    0.462885    0.886418    0.000000
   4 -    0.000000    0.886418   -0.462885    0.000000
  Electronic Energy:  -40.4405912 Eh, -1100.4445375 eV
  Nuclear Energy:      13.4333993 Eh,  365.5414147 eV

cycle= 2 E= -27.0071918743476  delta_E= -0.00252  |g|= 0.00655  |ddm|= 0.0376
  HOMO = 5.35028902978824  LUMO = 5.70231038791766
Rot T
              1           2           3           4  
   1 -    1.000000    0.000000    0.000000    0.000000
   2 -    0.000000    0.000000    0.000000   -1.000000
   3 -    0.000000    0.000000    1.000000    0.000000
   4 -    0.000000    1.000000    0.000000    0.000000
Rot T
              1           2           3           4  
   1 -    1.000000    0.000000    0.000000    0.000000
   2 -    0.000000    0.000000    0.000000   -1.000000
   3 -    0.000000    0.866025    0.500000    0.000000
   4 -    0.000000    0.500000   -0.866025    0.000000
Rot T
              1           2           3           4  
   1 -    1.000000    0.000000    0.000000    0.000000
   2 -    0.000000    0.000000    0.000000   -1.000000
   3 -    0.000000    0.462885    0.886418    0.000000
   4 -    0.000000    0.886418   -0.462885    0.000000
  Electronic Energy:  -40.4405942 Eh, -1100.4446201 eV
  Nuclear Energy:      13.4333993 Eh,  365.5414147 eV

cycle= 3 E= -27.0071949083719  delta_E= -3.03e-06  |g|= 0.000156  |ddm|= 0.00132
  HOMO = 5.35028646842455  LUMO = 5.70230521934955
Rot T
              1           2           3           4  
   1 -    1.000000    0.000000    0.000000    0.000000
   2 -    0.000000    0.000000    0.000000   -1.000000
   3 -    0.000000    0.000000    1.000000    0.000000
   4 -    0.000000    1.000000    0.000000    0.000000
Rot T
              1           2           3           4  
   1 -    1.000000    0.000000    0.000000    0.000000
   2 -    0.000000    0.000000    0.000000   -1.000000
   3 -    0.000000    0.866025    0.500000    0.000000
   4 -    0.000000    0.500000   -0.866025    0.000000
Rot T
              1           2           3           4  
   1 -    1.000000    0.000000    0.000000    0.000000
   2 -    0.000000    0.000000    0.000000   -1.000000
   3 -    0.000000    0.462885    0.886418    0.000000
   4 -    0.000000    0.886418   -0.462885    0.000000
  Electronic Energy:  -40.4405942 Eh, -1100.4446201 eV
  Nuclear Energy:      13.4333993 Eh,  365.5414147 eV

cycle= 4 E= -27.0071949096572  delta_E= -1.29e-09  |g|= 4.63e-06  |ddm|= 2.61e-05
  HOMO = 5.35028626562149  LUMO = 5.70230499630805
Rot T
              1           2           3           4  
   1 -    1.000000    0.000000    0.000000    0.000000
   2 -    0.000000    0.000000    0.000000   -1.000000
   3 -    0.000000    0.000000    1.000000    0.000000
   4 -    0.000000    1.000000    0.000000    0.000000
Rot T
              1           2           3           4  
   1 -    1.000000    0.000000    0.000000    0.000000
   2 -    0.000000    0.000000    0.000000   -1.000000
   3 -    0.000000    0.866025    0.500000    0.000000
   4 -    0.000000    0.500000   -0.866025    0.000000
Rot T
              1           2           3           4  
   1 -    1.000000    0.000000    0.000000    0.000000
   2 -    0.000000    0.000000    0.000000   -1.000000
   3 -    0.000000    0.462885    0.886418    0.000000
   4 -    0.000000    0.886418   -0.462885    0.000000
  Electronic Energy:  -40.4405942 Eh, -1100.4446201 eV
  Nuclear Energy:      13.4333993 Eh,  365.5414147 eV

Extra cycle  E= -27.0071949096592  delta_E= -2e-12  |g|= 3.01e-07  |ddm|= 1.17e-06
converged SCF energy = -27.0071949096592
Heat of formation = -5029.0546486609 kcal/mol, -8.01415164379171 Eh
