Python 3.8.17
model: OM2
pyscf-semiempirical version 0.1.0
pyscf-semiempirical path /Users/chancelander/Documents/Shao/semiempirical/code/semiempirical
GIT ORIG_HEAD 85fe15ce60c5553bcab9e59f05acd2256b3650bc
GIT HEAD (branch develop_chance) 2bb0991c261e275e569472b4ec92ecd0cc535a7d


******** <class 'pyscf.semiempirical.omx_class.ROM2'> ********
method = ROM2-RHF
initial guess = minao
damping factor = 0
level_shift factor = 0
DIIS = <class 'pyscf.scf.diis.CDIIS'>
diis_start_cycle = 1
diis_space = 8
SCF conv_tol = 1e-06
SCF conv_tol_grad = None
SCF max_cycles = 50
direct_scf = True
direct_scf_tol = 1e-13
chkfile to save SCF result = /var/folders/cm/dxbrpnn958s0gr686nw_3fxc0000gn/T/tmpb1xqnpee
max_memory 4000 MB (current use 0 MB)
Set gradient conv threshold to 0.001
Overlap 1e
              1           2           3           4           5  
   1 -    1.000000    0.000000    0.000000    0.000000    0.153198
   2 -    0.000000    1.000000    0.000000    0.000000    0.245082
   3 -    0.000000    0.000000    1.000000    0.000000    0.000000
   4 -    0.000000    0.000000    0.000000    1.000000    0.000000
   5 -    0.153198    0.245082    0.000000    0.000000    1.000000
   6 -   -0.195806   -0.225464    0.000000    0.000000    0.000000
   7 -    0.000000    0.000000    0.101425    0.000000    0.000000
   8 -    0.000000    0.000000    0.000000    0.101425    0.000000
   9 -    0.350281   -0.184747    0.319991    0.000000    0.028291
              6           7           8           9  
   1 -   -0.195806    0.000000    0.000000    0.350281
   2 -   -0.225464    0.000000    0.000000   -0.184747
   3 -    0.000000    0.101425    0.000000    0.319991
   4 -    0.000000    0.000000    0.101425    0.000000
   5 -    0.000000    0.000000    0.000000    0.028291
   6 -    1.000000    0.000000    0.000000   -0.034992
   7 -    0.000000    1.000000    0.000000    0.018273
   8 -    0.000000    0.000000    1.000000    0.000000
   9 -   -0.034992    0.018273    0.000000    1.000000
vnuc
              1           2           3           4           5  
   1 -  -12.549546   -0.836889   -0.128608    0.000000   -2.066610
   2 -   -0.836889  -13.191426    0.041662    0.000000   -3.415436
   3 -   -0.128608    0.041662  -12.695531    0.000000   -0.005400
   4 -    0.000000    0.000000    0.000000  -12.623371    0.000000
   5 -   -2.066610   -3.415436   -0.005400    0.000000  -16.575196
   6 -    2.549885    3.032617    0.010787    0.000000    0.630322
   7 -   -0.006082   -0.006890   -1.107921    0.000000   -0.015266
   8 -    0.000000    0.000000    0.000000   -1.106082    0.000000
   9 -   -3.426630    1.399698   -2.780124    0.000000   -0.350585
              6           7           8           9  
   1 -    2.549885   -0.006082    0.000000   -3.426630
   2 -    3.032617   -0.006890    0.000000    1.399698
   3 -    0.010787   -1.107921    0.000000   -2.780124
   4 -    0.000000    0.000000   -1.106082    0.000000
   5 -    0.630322   -0.015266    0.000000   -0.350585
   6 -  -17.163133    0.004123    0.000000    0.411024
   7 -    0.004123  -16.864885    0.000000   -0.177034
   8 -    0.000000    0.000000  -16.862732    0.000000
   9 -    0.411024   -0.177034    0.000000   -7.208139
Rot T
              1           2           3           4  
   1 -    1.000000    0.000000    0.000000    0.000000
   2 -    0.000000    0.000000    0.000000   -1.000000
   3 -    0.000000    0.000000   -1.000000    0.000000
   4 -    0.000000   -1.000000    0.000000    0.000000
ia, jb: 0 1
charges: 5 6
e2a analytical
              1           2           3           4  
   1 -   -2.218367    0.429349    0.000000    0.000000
   2 -    0.429349   -2.356987    0.000000    0.000000
   3 -    0.000000    0.000000   -2.148055    0.000000
   4 -    0.000000    0.000000    0.000000   -2.148055
e1b analytical
              1           2           3           4  
   1 -   -2.656989   -0.683356    0.000000    0.000000
   2 -   -0.683356   -2.921572    0.000000    0.000000
   3 -    0.000000    0.000000   -2.513571    0.000000
   4 -    0.000000    0.000000    0.000000   -2.513571
i: 0 4 j: 4 8
e2a: [[0. 0. 0. 0.]
 [0. 0. 0. 0.]
 [0. 0. 0. 0.]
 [0. 0. 0. 0.]]
e1b: [[0. 0. 0. 0.]
 [0. 0. 0. 0.]
 [0. 0. 0. 0.]
 [0. 0. 0. 0.]]
i0, i1, j0, j1: 0 4 4 8
zi: 7 zj: 8
gssma: -2.074652961002353
gssam: -3.5067297265802226
gpsma: -1.8274226517423722
gpsam: -3.7686290070081756
vecpam [[0.10015637 0.22457307 0.         0.        ]
 [0.22457307 0.47192548 0.         0.        ]
 [0.         0.         0.         0.        ]
 [0.         0.         0.         0.        ]]
vecpma [[ 0.28978092 -0.57113995  0.          0.        ]
 [-0.57113995  1.1160178   0.          0.        ]
 [ 0.          0.          0.          0.        ]
 [ 0.          0.          0.          0.        ]]
hcore[i0:i1,j0:j1] [[-5.26635781  5.68422381  0.          0.        ]
 [-4.52647043  4.79686484  0.          0.        ]
 [ 0.          0.         -3.66005143  0.        ]
 [ 0.          0.          0.         -3.66005143]]
vecpma [[ 0.28978092 -0.57113995  0.          0.        ]
 [-0.57113995  1.1160178   0.          0.        ]
 [ 0.          0.          0.          0.        ]
 [ 0.          0.          0.          0.        ]]
hcore[j0:j1,i0:i1] [[-5.26635781 -4.52647043  0.          0.        ]
 [ 5.68422381  4.79686484  0.          0.        ]
 [ 0.          0.         -3.66005143  0.        ]
 [ 0.          0.          0.         -3.66005143]]
vecpam [[0.10015637 0.22457307 0.         0.        ]
 [0.22457307 0.47192548 0.         0.        ]
 [0.         0.         0.         0.        ]
 [0.         0.         0.         0.        ]]
Rot T
              1           2           3           4  
   1 -    1.000000    0.000000    0.000000    0.000000
   2 -    0.000000    0.000000    0.000000   -1.000000
   3 -    0.000000    0.866025    0.500000    0.000000
   4 -    0.000000    0.500000   -0.866025    0.000000
ia, jb: 0 2
charges: 5 1
e2a analytical
              1  
   1 -   -2.537466
e1b analytical
              1           2           3           4  
   1 -   -0.510997    0.074252   -0.128608    0.000000
   2 -    0.074252   -0.499932    0.041662    0.000000
   3 -   -0.128608    0.041662   -0.548039    0.000000
   4 -    0.000000    0.000000    0.000000   -0.475879
i: 0 4 j: 8 9
e2a: [[0.]]
e1b: [[0. 0. 0. 0.]
 [0. 0. 0. 0.]
 [0. 0. 0. 0.]
 [0. 0. 0. 0.]]
i0, i1, j0, j1: 0 4 8 9
zi: 7 zj: 1
gssam: -3.945455886934286
vecpam [[1.11915769 0.         0.         0.        ]]
vecpma [[0.]
 [0.]
 [0.]
 [0.]]
hcore[i0:i1,j0:j1] [[-4.55111021]
 [ 2.16317739]
 [-3.7467325 ]
 [ 0.        ]]
vecpma [[0.]
 [0.]
 [0.]
 [0.]]
hcore[j0:j1,i0:i1] [[-4.55111021  2.16317739 -3.7467325   0.        ]]
vecpam [[1.11915769 0.         0.         0.        ]]
Rot T
              1           2           3           4  
   1 -    1.000000    0.000000    0.000000    0.000000
   2 -    0.000000    0.000000    0.000000   -1.000000
   3 -    0.000000    0.462885    0.886418    0.000000
   4 -    0.000000    0.886418   -0.462885    0.000000
ia, jb: 1 2
charges: 6 1
e2a analytical
              1  
   1 -   -1.648300
e1b analytical
              1           2           3           4  
   1 -   -0.274737    0.029233   -0.015266    0.000000
   2 -    0.029233   -0.279283    0.004123    0.000000
   3 -   -0.015266    0.004123   -0.273541    0.000000
   4 -    0.000000    0.000000    0.000000   -0.271387
i: 4 8 j: 8 9
e2a: [[0.]]
e1b: [[0. 0. 0. 0.]
 [0. 0. 0. 0.]
 [0. 0. 0. 0.]
 [0. 0. 0. 0.]]
i0, i1, j0, j1: 4 8 8 9
zi: 8 zj: 1
gssam: -0.0734047155095414
vecpam [[0.00562574 0.         0.         0.        ]]
vecpma [[0.]
 [0.]
 [0.]
 [0.]]
hcore[i0:i1,j0:j1] [[-0.90839699]
 [ 0.98654967]
 [-0.51517325]
 [ 0.        ]]
vecpma [[0.]
 [0.]
 [0.]
 [0.]]
hcore[j0:j1,i0:i1] [[-0.90839699  0.98654967 -0.51517325  0.        ]]
vecpam [[0.00562574 0.         0.         0.        ]]
B matrix
              1           2           3           4           5  
   1 -    0.000000    0.000000    0.000000    0.000000   -5.266358
   2 -    0.000000    0.000000    0.000000    0.000000   -4.526470
   3 -    0.000000    0.000000    0.000000    0.000000    0.000000
   4 -    0.000000    0.000000    0.000000    0.000000    0.000000
   5 -   -5.266358   -4.526470    0.000000    0.000000    0.000000
   6 -    5.684224    4.796865    0.000000    0.000000    0.000000
   7 -    0.000000    0.000000   -3.660051    0.000000    0.000000
   8 -    0.000000    0.000000    0.000000   -3.660051    0.000000
   9 -   -4.551110    2.163177   -3.746733    0.000000   -0.908397
              6           7           8           9  
   1 -    5.684224    0.000000    0.000000   -4.551110
   2 -    4.796865    0.000000    0.000000    2.163177
   3 -    0.000000   -3.660051    0.000000   -3.746733
   4 -    0.000000    0.000000   -3.660051    0.000000
   5 -    0.000000    0.000000    0.000000   -0.908397
   6 -    0.000000    0.000000    0.000000    0.986550
   7 -    0.000000    0.000000    0.000000   -0.515173
   8 -    0.000000    0.000000    0.000000    0.000000
   9 -    0.986550   -0.515173    0.000000    0.000000
Hloc
              1           2           3  
   1 -  -74.376382  -74.376382  -74.376382
   2 -  -57.600676  -57.600676  -57.600676
   3 -  -57.600676  -57.600676  -57.600676
   4 -  -57.600676  -57.600676  -57.600676
   5 - -101.827235 -101.827235 -101.827235
   6 -  -78.928239  -78.928239  -78.928239
   7 -  -78.928239  -78.928239  -78.928239
   8 -  -78.928239  -78.928239  -78.928239
   9 -  -12.648900  -12.648900  -12.648900
Hort
              1           2           3           4           5  
   1 -   -6.745992    7.985958   -7.076465    0.000000   -4.092747
   2 -    7.985958    4.598701    3.096134    0.000000    1.916591
   3 -   -7.076465    3.096134   -4.832576    0.000000   -3.319633
   4 -    0.000000    0.000000    0.000000    0.530084    0.000000
   5 -   -4.092747    1.916591   -3.319633    0.000000  -23.889186
   6 -    4.290206   -1.963410    3.400726    0.000000   15.872018
   7 -   -2.240333    1.025287   -1.775849    0.000000   -0.294209
   8 -    0.000000    0.000000    0.000000    0.000000    0.000000
   9 -    3.087045    4.962478    0.507393    0.000000    5.474992
              6           7           8           9  
   1 -    4.290206   -2.240333    0.000000    3.087045
   2 -   -1.963410    1.025287    0.000000    4.962478
   3 -    3.400726   -1.775849    0.000000    0.507393
   4 -    0.000000    0.000000    0.000000    0.000000
   5 -   15.872018   -0.294209    0.000000    5.474992
   6 -   -7.648829    0.308285    0.000000   -8.808186
   7 -    0.308285   -1.405604    0.000000    2.569870
   8 -    0.000000    0.000000   -1.244619    0.000000
   9 -   -8.808186    2.569870    0.000000  133.382847
Rot T
              1           2           3           4  
   1 -    1.000000    0.000000    0.000000    0.000000
   2 -    0.000000    0.000000    0.000000   -1.000000
   3 -    0.000000    0.000000    1.000000    0.000000
   4 -    0.000000    1.000000    0.000000    0.000000
Rot T
              1           2           3           4  
   1 -    1.000000    0.000000    0.000000    0.000000
   2 -    0.000000    0.000000    0.000000   -1.000000
   3 -    0.000000    0.866025    0.500000    0.000000
   4 -    0.000000    0.500000   -0.866025    0.000000
Rot T
              1           2           3           4  
   1 -    1.000000    0.000000    0.000000    0.000000
   2 -    0.000000    0.000000    0.000000   -1.000000
   3 -    0.000000    0.462885    0.886418    0.000000
   4 -    0.000000    0.886418   -0.462885    0.000000
  Electronic Energy:   -5.0111722 Eh, -136.3609407 eV
  Nuclear Energy:      13.4333993 Eh,  365.5414147 eV

init E= 8.42222715078545
  HOMO = 4.37152215405877  LUMO = 5.43054964354266
Rot T
              1           2           3           4  
   1 -    1.000000    0.000000    0.000000    0.000000
   2 -    0.000000    0.000000    0.000000   -1.000000
   3 -    0.000000    0.000000    1.000000    0.000000
   4 -    0.000000    1.000000    0.000000    0.000000
Rot T
              1           2           3           4  
   1 -    1.000000    0.000000    0.000000    0.000000
   2 -    0.000000    0.000000    0.000000   -1.000000
   3 -    0.000000    0.866025    0.500000    0.000000
   4 -    0.000000    0.500000   -0.866025    0.000000
Rot T
              1           2           3           4  
   1 -    1.000000    0.000000    0.000000    0.000000
   2 -    0.000000    0.000000    0.000000   -1.000000
   3 -    0.000000    0.462885    0.886418    0.000000
   4 -    0.000000    0.886418   -0.462885    0.000000
  Electronic Energy:  -46.6424491 Eh, -1269.2056857 eV
  Nuclear Energy:      13.4333993 Eh,  365.5414147 eV

cycle= 1 E= -33.2090497339392  delta_E= -41.6  |g|= 1.33  |ddm|= 2.79
  HOMO = 4.24878166345089  LUMO = 5.61918286741161
Rot T
              1           2           3           4  
   1 -    1.000000    0.000000    0.000000    0.000000
   2 -    0.000000    0.000000    0.000000   -1.000000
   3 -    0.000000    0.000000    1.000000    0.000000
   4 -    0.000000    1.000000    0.000000    0.000000
Rot T
              1           2           3           4  
   1 -    1.000000    0.000000    0.000000    0.000000
   2 -    0.000000    0.000000    0.000000   -1.000000
   3 -    0.000000    0.866025    0.500000    0.000000
   4 -    0.000000    0.500000   -0.866025    0.000000
Rot T
              1           2           3           4  
   1 -    1.000000    0.000000    0.000000    0.000000
   2 -    0.000000    0.000000    0.000000   -1.000000
   3 -    0.000000    0.462885    0.886418    0.000000
   4 -    0.000000    0.886418   -0.462885    0.000000
  Electronic Energy:  -46.6404905 Eh, -1269.1523899 eV
  Nuclear Energy:      13.4333993 Eh,  365.5414147 eV

cycle= 2 E= -33.207091151909  delta_E= 0.00196  |g|= 1.33  |ddm|= 0.0128
  HOMO = 4.24779207855603  LUMO = 5.61520642926339
Rot T
              1           2           3           4  
   1 -    1.000000    0.000000    0.000000    0.000000
   2 -    0.000000    0.000000    0.000000   -1.000000
   3 -    0.000000    0.000000    1.000000    0.000000
   4 -    0.000000    1.000000    0.000000    0.000000
Rot T
              1           2           3           4  
   1 -    1.000000    0.000000    0.000000    0.000000
   2 -    0.000000    0.000000    0.000000   -1.000000
   3 -    0.000000    0.866025    0.500000    0.000000
   4 -    0.000000    0.500000   -0.866025    0.000000
Rot T
              1           2           3           4  
   1 -    1.000000    0.000000    0.000000    0.000000
   2 -    0.000000    0.000000    0.000000   -1.000000
   3 -    0.000000    0.462885    0.886418    0.000000
   4 -    0.000000    0.886418   -0.462885    0.000000
  Electronic Energy:  -46.6395363 Eh, -1269.1264256 eV
  Nuclear Energy:      13.4333993 Eh,  365.5414147 eV

cycle= 3 E= -33.2061369805328  delta_E= 0.000954  |g|= 1.33  |ddm|= 0.00666
  HOMO = 4.24965138146045  LUMO = 5.62043528395985
Rot T
              1           2           3           4  
   1 -    1.000000    0.000000    0.000000    0.000000
   2 -    0.000000    0.000000    0.000000   -1.000000
   3 -    0.000000    0.000000    1.000000    0.000000
   4 -    0.000000    1.000000    0.000000    0.000000
Rot T
              1           2           3           4  
   1 -    1.000000    0.000000    0.000000    0.000000
   2 -    0.000000    0.000000    0.000000   -1.000000
   3 -    0.000000    0.866025    0.500000    0.000000
   4 -    0.000000    0.500000   -0.866025    0.000000
Rot T
              1           2           3           4  
   1 -    1.000000    0.000000    0.000000    0.000000
   2 -    0.000000    0.000000    0.000000   -1.000000
   3 -    0.000000    0.462885    0.886418    0.000000
   4 -    0.000000    0.886418   -0.462885    0.000000
  Electronic Energy:  -46.6433236 Eh, -1269.2294834 eV
  Nuclear Energy:      13.4333993 Eh,  365.5414147 eV

cycle= 4 E= -33.209924286256  delta_E= -0.00379  |g|= 1.32  |ddm|= 0.0131
  HOMO = 4.25584741249428  LUMO = 5.62885761090453
Rot T
              1           2           3           4  
   1 -    1.000000    0.000000    0.000000    0.000000
   2 -    0.000000    0.000000    0.000000   -1.000000
   3 -    0.000000    0.000000    1.000000    0.000000
   4 -    0.000000    1.000000    0.000000    0.000000
Rot T
              1           2           3           4  
   1 -    1.000000    0.000000    0.000000    0.000000
   2 -    0.000000    0.000000    0.000000   -1.000000
   3 -    0.000000    0.866025    0.500000    0.000000
   4 -    0.000000    0.500000   -0.866025    0.000000
Rot T
              1           2           3           4  
   1 -    1.000000    0.000000    0.000000    0.000000
   2 -    0.000000    0.000000    0.000000   -1.000000
   3 -    0.000000    0.462885    0.886418    0.000000
   4 -    0.000000    0.886418   -0.462885    0.000000
  Electronic Energy:  -46.6503291 Eh, -1269.4201130 eV
  Nuclear Energy:      13.4333993 Eh,  365.5414147 eV

cycle= 5 E= -33.2169297937316  delta_E= -0.00701  |g|=  1.3  |ddm|= 0.0171
  HOMO = 4.2559671376191  LUMO = 5.62868378727145
Rot T
              1           2           3           4  
   1 -    1.000000    0.000000    0.000000    0.000000
   2 -    0.000000    0.000000    0.000000   -1.000000
   3 -    0.000000    0.000000    1.000000    0.000000
   4 -    0.000000    1.000000    0.000000    0.000000
Rot T
              1           2           3           4  
   1 -    1.000000    0.000000    0.000000    0.000000
   2 -    0.000000    0.000000    0.000000   -1.000000
   3 -    0.000000    0.866025    0.500000    0.000000
   4 -    0.000000    0.500000   -0.866025    0.000000
Rot T
              1           2           3           4  
   1 -    1.000000    0.000000    0.000000    0.000000
   2 -    0.000000    0.000000    0.000000   -1.000000
   3 -    0.000000    0.462885    0.886418    0.000000
   4 -    0.000000    0.886418   -0.462885    0.000000
  Electronic Energy:  -46.6502906 Eh, -1269.4190640 eV
  Nuclear Energy:      13.4333993 Eh,  365.5414147 eV

cycle= 6 E= -33.2168912451768  delta_E= 3.85e-05  |g|= 1.31  |ddm|= 0.000296
  HOMO = 4.25661329148662  LUMO = 5.62481573608305
Rot T
              1           2           3           4  
   1 -    1.000000    0.000000    0.000000    0.000000
   2 -    0.000000    0.000000    0.000000   -1.000000
   3 -    0.000000    0.000000    1.000000    0.000000
   4 -    0.000000    1.000000    0.000000    0.000000
Rot T
              1           2           3           4  
   1 -    1.000000    0.000000    0.000000    0.000000
   2 -    0.000000    0.000000    0.000000   -1.000000
   3 -    0.000000    0.866025    0.500000    0.000000
   4 -    0.000000    0.500000   -0.866025    0.000000
Rot T
              1           2           3           4  
   1 -    1.000000    0.000000    0.000000    0.000000
   2 -    0.000000    0.000000    0.000000   -1.000000
   3 -    0.000000    0.462885    0.886418    0.000000
   4 -    0.000000    0.886418   -0.462885    0.000000
  Electronic Energy:  -46.6498249 Eh, -1269.4063926 eV
  Nuclear Energy:      13.4333993 Eh,  365.5414147 eV

cycle= 7 E= -33.2164255781848  delta_E= 0.000466  |g|=  1.3  |ddm|= 0.00303
  HOMO = 4.25715413370551  LUMO = 5.62414815571421
Rot T
              1           2           3           4  
   1 -    1.000000    0.000000    0.000000    0.000000
   2 -    0.000000    0.000000    0.000000   -1.000000
   3 -    0.000000    0.000000    1.000000    0.000000
   4 -    0.000000    1.000000    0.000000    0.000000
Rot T
              1           2           3           4  
   1 -    1.000000    0.000000    0.000000    0.000000
   2 -    0.000000    0.000000    0.000000   -1.000000
   3 -    0.000000    0.866025    0.500000    0.000000
   4 -    0.000000    0.500000   -0.866025    0.000000
Rot T
              1           2           3           4  
   1 -    1.000000    0.000000    0.000000    0.000000
   2 -    0.000000    0.000000    0.000000   -1.000000
   3 -    0.000000    0.462885    0.886418    0.000000
   4 -    0.000000    0.886418   -0.462885    0.000000
  Electronic Energy:  -46.6496598 Eh, -1269.4018992 eV
  Nuclear Energy:      13.4333993 Eh,  365.5414147 eV

cycle= 8 E= -33.2162604494317  delta_E= 0.000165  |g|=  1.3  |ddm|= 0.00113
  HOMO = 4.25636650380302  LUMO = 5.62477600094653
Rot T
              1           2           3           4  
   1 -    1.000000    0.000000    0.000000    0.000000
   2 -    0.000000    0.000000    0.000000   -1.000000
   3 -    0.000000    0.000000    1.000000    0.000000
   4 -    0.000000    1.000000    0.000000    0.000000
Rot T
              1           2           3           4  
   1 -    1.000000    0.000000    0.000000    0.000000
   2 -    0.000000    0.000000    0.000000   -1.000000
   3 -    0.000000    0.866025    0.500000    0.000000
   4 -    0.000000    0.500000   -0.866025    0.000000
Rot T
              1           2           3           4  
   1 -    1.000000    0.000000    0.000000    0.000000
   2 -    0.000000    0.000000    0.000000   -1.000000
   3 -    0.000000    0.462885    0.886418    0.000000
   4 -    0.000000    0.886418   -0.462885    0.000000
  Electronic Energy:  -46.6500616 Eh, -1269.4128342 eV
  Nuclear Energy:      13.4333993 Eh,  365.5414147 eV

cycle= 9 E= -33.2166623024775  delta_E= -0.000402  |g|= 1.31  |ddm|= 0.0028
  HOMO = 4.25583639797462  LUMO = 5.62599177715142
Rot T
              1           2           3           4  
   1 -    1.000000    0.000000    0.000000    0.000000
   2 -    0.000000    0.000000    0.000000   -1.000000
   3 -    0.000000    0.000000    1.000000    0.000000
   4 -    0.000000    1.000000    0.000000    0.000000
Rot T
              1           2           3           4  
   1 -    1.000000    0.000000    0.000000    0.000000
   2 -    0.000000    0.000000    0.000000   -1.000000
   3 -    0.000000    0.866025    0.500000    0.000000
   4 -    0.000000    0.500000   -0.866025    0.000000
Rot T
              1           2           3           4  
   1 -    1.000000    0.000000    0.000000    0.000000
   2 -    0.000000    0.000000    0.000000   -1.000000
   3 -    0.000000    0.462885    0.886418    0.000000
   4 -    0.000000    0.886418   -0.462885    0.000000
  Electronic Energy:  -46.6501536 Eh, -1269.4153358 eV
  Nuclear Energy:      13.4333993 Eh,  365.5414147 eV

cycle= 10 E= -33.2167542352504  delta_E= -9.19e-05  |g|= 1.31  |ddm|= 0.000928
  HOMO = 4.25560034131274  LUMO = 5.62757070437347
Rot T
              1           2           3           4  
   1 -    1.000000    0.000000    0.000000    0.000000
   2 -    0.000000    0.000000    0.000000   -1.000000
   3 -    0.000000    0.000000    1.000000    0.000000
   4 -    0.000000    1.000000    0.000000    0.000000
Rot T
              1           2           3           4  
   1 -    1.000000    0.000000    0.000000    0.000000
   2 -    0.000000    0.000000    0.000000   -1.000000
   3 -    0.000000    0.866025    0.500000    0.000000
   4 -    0.000000    0.500000   -0.866025    0.000000
Rot T
              1           2           3           4  
   1 -    1.000000    0.000000    0.000000    0.000000
   2 -    0.000000    0.000000    0.000000   -1.000000
   3 -    0.000000    0.462885    0.886418    0.000000
   4 -    0.000000    0.886418   -0.462885    0.000000
  Electronic Energy:  -46.6497893 Eh, -1269.4054247 eV
  Nuclear Energy:      13.4333993 Eh,  365.5414147 eV

cycle= 11 E= -33.2163900070616  delta_E= 0.000364  |g|=  1.3  |ddm|= 0.00168
  HOMO = 4.25468978738949  LUMO = 5.62777995292916
Rot T
              1           2           3           4  
   1 -    1.000000    0.000000    0.000000    0.000000
   2 -    0.000000    0.000000    0.000000   -1.000000
   3 -    0.000000    0.000000    1.000000    0.000000
   4 -    0.000000    1.000000    0.000000    0.000000
Rot T
              1           2           3           4  
   1 -    1.000000    0.000000    0.000000    0.000000
   2 -    0.000000    0.000000    0.000000   -1.000000
   3 -    0.000000    0.866025    0.500000    0.000000
   4 -    0.000000    0.500000   -0.866025    0.000000
Rot T
              1           2           3           4  
   1 -    1.000000    0.000000    0.000000    0.000000
   2 -    0.000000    0.000000    0.000000   -1.000000
   3 -    0.000000    0.462885    0.886418    0.000000
   4 -    0.000000    0.886418   -0.462885    0.000000
  Electronic Energy:  -46.6507357 Eh, -1269.4311752 eV
  Nuclear Energy:      13.4333993 Eh,  365.5414147 eV

cycle= 12 E= -33.217336321873  delta_E= -0.000946  |g|=  1.3  |ddm|= 0.00258
  HOMO = 4.2532824635704  LUMO = 5.62477401509123
Rot T
              1           2           3           4  
   1 -    1.000000    0.000000    0.000000    0.000000
   2 -    0.000000    0.000000    0.000000   -1.000000
   3 -    0.000000    0.000000    1.000000    0.000000
   4 -    0.000000    1.000000    0.000000    0.000000
Rot T
              1           2           3           4  
   1 -    1.000000    0.000000    0.000000    0.000000
   2 -    0.000000    0.000000    0.000000   -1.000000
   3 -    0.000000    0.866025    0.500000    0.000000
   4 -    0.000000    0.500000   -0.866025    0.000000
Rot T
              1           2           3           4  
   1 -    1.000000    0.000000    0.000000    0.000000
   2 -    0.000000    0.000000    0.000000   -1.000000
   3 -    0.000000    0.462885    0.886418    0.000000
   4 -    0.000000    0.886418   -0.462885    0.000000
  Electronic Energy:  -46.6488613 Eh, -1269.3801710 eV
  Nuclear Energy:      13.4333993 Eh,  365.5414147 eV

cycle= 13 E= -33.2154619508434  delta_E= 0.00187  |g|= 1.31  |ddm|= 0.0103
  HOMO = 4.25081353585684  LUMO = 5.62695434971162
Rot T
              1           2           3           4  
   1 -    1.000000    0.000000    0.000000    0.000000
   2 -    0.000000    0.000000    0.000000   -1.000000
   3 -    0.000000    0.000000    1.000000    0.000000
   4 -    0.000000    1.000000    0.000000    0.000000
Rot T
              1           2           3           4  
   1 -    1.000000    0.000000    0.000000    0.000000
   2 -    0.000000    0.000000    0.000000   -1.000000
   3 -    0.000000    0.866025    0.500000    0.000000
   4 -    0.000000    0.500000   -0.866025    0.000000
Rot T
              1           2           3           4  
   1 -    1.000000    0.000000    0.000000    0.000000
   2 -    0.000000    0.000000    0.000000   -1.000000
   3 -    0.000000    0.462885    0.886418    0.000000
   4 -    0.000000    0.886418   -0.462885    0.000000
  Electronic Energy:  -46.6442375 Eh, -1269.2543520 eV
  Nuclear Energy:      13.4333993 Eh,  365.5414147 eV

cycle= 14 E= -33.2108381900434  delta_E= 0.00462  |g|= 1.31  |ddm|= 0.135
  HOMO = 4.24879140496769  LUMO = 5.63049517685601
Rot T
              1           2           3           4  
   1 -    1.000000    0.000000    0.000000    0.000000
   2 -    0.000000    0.000000    0.000000   -1.000000
   3 -    0.000000    0.000000    1.000000    0.000000
   4 -    0.000000    1.000000    0.000000    0.000000
Rot T
              1           2           3           4  
   1 -    1.000000    0.000000    0.000000    0.000000
   2 -    0.000000    0.000000    0.000000   -1.000000
   3 -    0.000000    0.866025    0.500000    0.000000
   4 -    0.000000    0.500000   -0.866025    0.000000
Rot T
              1           2           3           4  
   1 -    1.000000    0.000000    0.000000    0.000000
   2 -    0.000000    0.000000    0.000000   -1.000000
   3 -    0.000000    0.462885    0.886418    0.000000
   4 -    0.000000    0.886418   -0.462885    0.000000
  Electronic Energy:  -46.6486506 Eh, -1269.3744385 eV
  Nuclear Energy:      13.4333993 Eh,  365.5414147 eV

cycle= 15 E= -33.2152512867739  delta_E= -0.00441  |g|=  1.3  |ddm|= 0.168
  HOMO = 4.24234379610462  LUMO = 5.64194462735886
Rot T
              1           2           3           4  
   1 -    1.000000    0.000000    0.000000    0.000000
   2 -    0.000000    0.000000    0.000000   -1.000000
   3 -    0.000000    0.000000    1.000000    0.000000
   4 -    0.000000    1.000000    0.000000    0.000000
Rot T
              1           2           3           4  
   1 -    1.000000    0.000000    0.000000    0.000000
   2 -    0.000000    0.000000    0.000000   -1.000000
   3 -    0.000000    0.866025    0.500000    0.000000
   4 -    0.000000    0.500000   -0.866025    0.000000
Rot T
              1           2           3           4  
   1 -    1.000000    0.000000    0.000000    0.000000
   2 -    0.000000    0.000000    0.000000   -1.000000
   3 -    0.000000    0.462885    0.886418    0.000000
   4 -    0.000000    0.886418   -0.462885    0.000000
  Electronic Energy:  -46.6506804 Eh, -1269.4296721 eV
  Nuclear Energy:      13.4333993 Eh,  365.5414147 eV

cycle= 16 E= -33.2172810824943  delta_E= -0.00203  |g|= 1.31  |ddm|= 0.0431
  HOMO = 4.23936821064693  LUMO = 5.64163506203839
Rot T
              1           2           3           4  
   1 -    1.000000    0.000000    0.000000    0.000000
   2 -    0.000000    0.000000    0.000000   -1.000000
   3 -    0.000000    0.000000    1.000000    0.000000
   4 -    0.000000    1.000000    0.000000    0.000000
Rot T
              1           2           3           4  
   1 -    1.000000    0.000000    0.000000    0.000000
   2 -    0.000000    0.000000    0.000000   -1.000000
   3 -    0.000000    0.866025    0.500000    0.000000
   4 -    0.000000    0.500000   -0.866025    0.000000
Rot T
              1           2           3           4  
   1 -    1.000000    0.000000    0.000000    0.000000
   2 -    0.000000    0.000000    0.000000   -1.000000
   3 -    0.000000    0.462885    0.886418    0.000000
   4 -    0.000000    0.886418   -0.462885    0.000000
  Electronic Energy:  -46.6503163 Eh, -1269.4197634 eV
  Nuclear Energy:      13.4333993 Eh,  365.5414147 eV

cycle= 17 E= -33.2169169472689  delta_E= 0.000364  |g|=  1.3  |ddm|= 0.00435
  HOMO = 4.24834949602897  LUMO = 5.63815094946257
Rot T
              1           2           3           4  
   1 -    1.000000    0.000000    0.000000    0.000000
   2 -    0.000000    0.000000    0.000000   -1.000000
   3 -    0.000000    0.000000    1.000000    0.000000
   4 -    0.000000    1.000000    0.000000    0.000000
Rot T
              1           2           3           4  
   1 -    1.000000    0.000000    0.000000    0.000000
   2 -    0.000000    0.000000    0.000000   -1.000000
   3 -    0.000000    0.866025    0.500000    0.000000
   4 -    0.000000    0.500000   -0.866025    0.000000
Rot T
              1           2           3           4  
   1 -    1.000000    0.000000    0.000000    0.000000
   2 -    0.000000    0.000000    0.000000   -1.000000
   3 -    0.000000    0.462885    0.886418    0.000000
   4 -    0.000000    0.886418   -0.462885    0.000000
  Electronic Energy:  -46.6510063 Eh, -1269.4385390 eV
  Nuclear Energy:      13.4333993 Eh,  365.5414147 eV

cycle= 18 E= -33.2176069358058  delta_E= -0.00069  |g|= 1.31  |ddm|= 0.00978
  HOMO = 4.24355588082635  LUMO = 5.63478308629236
Rot T
              1           2           3           4  
   1 -    1.000000    0.000000    0.000000    0.000000
   2 -    0.000000    0.000000    0.000000   -1.000000
   3 -    0.000000    0.000000    1.000000    0.000000
   4 -    0.000000    1.000000    0.000000    0.000000
Rot T
              1           2           3           4  
   1 -    1.000000    0.000000    0.000000    0.000000
   2 -    0.000000    0.000000    0.000000   -1.000000
   3 -    0.000000    0.866025    0.500000    0.000000
   4 -    0.000000    0.500000   -0.866025    0.000000
Rot T
              1           2           3           4  
   1 -    1.000000    0.000000    0.000000    0.000000
   2 -    0.000000    0.000000    0.000000   -1.000000
   3 -    0.000000    0.462885    0.886418    0.000000
   4 -    0.000000    0.886418   -0.462885    0.000000
  Electronic Energy:  -46.6495575 Eh, -1269.3991152 eV
  Nuclear Energy:      13.4333993 Eh,  365.5414147 eV

cycle= 19 E= -33.2161581388129  delta_E= 0.00145  |g|=  1.3  |ddm|= 0.0116
  HOMO = 4.24601481035859  LUMO = 5.63213733026481
Rot T
              1           2           3           4  
   1 -    1.000000    0.000000    0.000000    0.000000
   2 -    0.000000    0.000000    0.000000   -1.000000
   3 -    0.000000    0.000000    1.000000    0.000000
   4 -    0.000000    1.000000    0.000000    0.000000
Rot T
              1           2           3           4  
   1 -    1.000000    0.000000    0.000000    0.000000
   2 -    0.000000    0.000000    0.000000   -1.000000
   3 -    0.000000    0.866025    0.500000    0.000000
   4 -    0.000000    0.500000   -0.866025    0.000000
Rot T
              1           2           3           4  
   1 -    1.000000    0.000000    0.000000    0.000000
   2 -    0.000000    0.000000    0.000000   -1.000000
   3 -    0.000000    0.462885    0.886418    0.000000
   4 -    0.000000    0.886418   -0.462885    0.000000
  Electronic Energy:  -46.6494311 Eh, -1269.3956767 eV
  Nuclear Energy:      13.4333993 Eh,  365.5414147 eV

cycle= 20 E= -33.2160317764844  delta_E= 0.000126  |g|=  1.3  |ddm|= 0.00326
  HOMO = 4.25234166898899  LUMO = 5.63001098196229
Rot T
              1           2           3           4  
   1 -    1.000000    0.000000    0.000000    0.000000
   2 -    0.000000    0.000000    0.000000   -1.000000
   3 -    0.000000    0.000000    1.000000    0.000000
   4 -    0.000000    1.000000    0.000000    0.000000
Rot T
              1           2           3           4  
   1 -    1.000000    0.000000    0.000000    0.000000
   2 -    0.000000    0.000000    0.000000   -1.000000
   3 -    0.000000    0.866025    0.500000    0.000000
   4 -    0.000000    0.500000   -0.866025    0.000000
Rot T
              1           2           3           4  
   1 -    1.000000    0.000000    0.000000    0.000000
   2 -    0.000000    0.000000    0.000000   -1.000000
   3 -    0.000000    0.462885    0.886418    0.000000
   4 -    0.000000    0.886418   -0.462885    0.000000
  Electronic Energy:  -46.6460980 Eh, -1269.3049787 eV
  Nuclear Energy:      13.4333993 Eh,  365.5414147 eV

cycle= 21 E= -33.2126986869053  delta_E= 0.00333  |g|= 1.32  |ddm|= 0.0199
  HOMO = 4.25182311161145  LUMO = 5.6341658015608
Rot T
              1           2           3           4  
   1 -    1.000000    0.000000    0.000000    0.000000
   2 -    0.000000    0.000000    0.000000   -1.000000
   3 -    0.000000    0.000000    1.000000    0.000000
   4 -    0.000000    1.000000    0.000000    0.000000
Rot T
              1           2           3           4  
   1 -    1.000000    0.000000    0.000000    0.000000
   2 -    0.000000    0.000000    0.000000   -1.000000
   3 -    0.000000    0.866025    0.500000    0.000000
   4 -    0.000000    0.500000   -0.866025    0.000000
Rot T
              1           2           3           4  
   1 -    1.000000    0.000000    0.000000    0.000000
   2 -    0.000000    0.000000    0.000000   -1.000000
   3 -    0.000000    0.462885    0.886418    0.000000
   4 -    0.000000    0.886418   -0.462885    0.000000
  Electronic Energy:  -46.6505765 Eh, -1269.4268452 eV
  Nuclear Energy:      13.4333993 Eh,  365.5414147 eV

cycle= 22 E= -33.2171771979929  delta_E= -0.00448  |g|=  1.3  |ddm|= 0.0201
  HOMO = 4.25571135499673  LUMO = 5.62734322003869
Rot T
              1           2           3           4  
   1 -    1.000000    0.000000    0.000000    0.000000
   2 -    0.000000    0.000000    0.000000   -1.000000
   3 -    0.000000    0.000000    1.000000    0.000000
   4 -    0.000000    1.000000    0.000000    0.000000
Rot T
              1           2           3           4  
   1 -    1.000000    0.000000    0.000000    0.000000
   2 -    0.000000    0.000000    0.000000   -1.000000
   3 -    0.000000    0.866025    0.500000    0.000000
   4 -    0.000000    0.500000   -0.866025    0.000000
Rot T
              1           2           3           4  
   1 -    1.000000    0.000000    0.000000    0.000000
   2 -    0.000000    0.000000    0.000000   -1.000000
   3 -    0.000000    0.462885    0.886418    0.000000
   4 -    0.000000    0.886418   -0.462885    0.000000
  Electronic Energy:  -46.6497580 Eh, -1269.4045728 eV
  Nuclear Energy:      13.4333993 Eh,  365.5414147 eV

cycle= 23 E= -33.2163587010948  delta_E= 0.000818  |g|= 1.31  |ddm|= 0.0272
  HOMO = 4.25381811863225  LUMO = 5.63120213884983
Rot T
              1           2           3           4  
   1 -    1.000000    0.000000    0.000000    0.000000
   2 -    0.000000    0.000000    0.000000   -1.000000
   3 -    0.000000    0.000000    1.000000    0.000000
   4 -    0.000000    1.000000    0.000000    0.000000
Rot T
              1           2           3           4  
   1 -    1.000000    0.000000    0.000000    0.000000
   2 -    0.000000    0.000000    0.000000   -1.000000
   3 -    0.000000    0.866025    0.500000    0.000000
   4 -    0.000000    0.500000   -0.866025    0.000000
Rot T
              1           2           3           4  
   1 -    1.000000    0.000000    0.000000    0.000000
   2 -    0.000000    0.000000    0.000000   -1.000000
   3 -    0.000000    0.462885    0.886418    0.000000
   4 -    0.000000    0.886418   -0.462885    0.000000
  Electronic Energy:  -46.6505825 Eh, -1269.4270069 eV
  Nuclear Energy:      13.4333993 Eh,  365.5414147 eV

cycle= 24 E= -33.2171831412692  delta_E= -0.000824  |g|=  1.3  |ddm|= 0.0182
  HOMO = 4.25340713194129  LUMO = 5.62903211609
Rot T
              1           2           3           4  
   1 -    1.000000    0.000000    0.000000    0.000000
   2 -    0.000000    0.000000    0.000000   -1.000000
   3 -    0.000000    0.000000    1.000000    0.000000
   4 -    0.000000    1.000000    0.000000    0.000000
Rot T
              1           2           3           4  
   1 -    1.000000    0.000000    0.000000    0.000000
   2 -    0.000000    0.000000    0.000000   -1.000000
   3 -    0.000000    0.866025    0.500000    0.000000
   4 -    0.000000    0.500000   -0.866025    0.000000
Rot T
              1           2           3           4  
   1 -    1.000000    0.000000    0.000000    0.000000
   2 -    0.000000    0.000000    0.000000   -1.000000
   3 -    0.000000    0.462885    0.886418    0.000000
   4 -    0.000000    0.886418   -0.462885    0.000000
  Electronic Energy:  -46.6500339 Eh, -1269.4120789 eV
  Nuclear Energy:      13.4333993 Eh,  365.5414147 eV

cycle= 25 E= -33.2166345460642  delta_E= 0.000549  |g|=  1.3  |ddm|= 0.0365
  HOMO = 4.2523703849545  LUMO = 5.62858132717794
Rot T
              1           2           3           4  
   1 -    1.000000    0.000000    0.000000    0.000000
   2 -    0.000000    0.000000    0.000000   -1.000000
   3 -    0.000000    0.000000    1.000000    0.000000
   4 -    0.000000    1.000000    0.000000    0.000000
Rot T
              1           2           3           4  
   1 -    1.000000    0.000000    0.000000    0.000000
   2 -    0.000000    0.000000    0.000000   -1.000000
   3 -    0.000000    0.866025    0.500000    0.000000
   4 -    0.000000    0.500000   -0.866025    0.000000
Rot T
              1           2           3           4  
   1 -    1.000000    0.000000    0.000000    0.000000
   2 -    0.000000    0.000000    0.000000   -1.000000
   3 -    0.000000    0.462885    0.886418    0.000000
   4 -    0.000000    0.886418   -0.462885    0.000000
  Electronic Energy:  -46.6495391 Eh, -1269.3986157 eV
  Nuclear Energy:      13.4333993 Eh,  365.5414147 eV

cycle= 26 E= -33.2161397811912  delta_E= 0.000495  |g|= 1.31  |ddm|= 0.0175
  HOMO = 4.25294202101948  LUMO = 5.63041314706968
Rot T
              1           2           3           4  
   1 -    1.000000    0.000000    0.000000    0.000000
   2 -    0.000000    0.000000    0.000000   -1.000000
