Python 3.8.17
model: OM2
pyscf-semiempirical version 0.1.0
pyscf-semiempirical path /Users/chancelander/Documents/Shao/semiempirical/code/semiempirical
GIT HEAD (branch develop_chance) a8e8106e72bd36c80f4813494d7b8f5b9b0986a1


******** <class 'pyscf.semiempirical.omx_class.ROM2'> ********
method = ROM2-RHF
initial guess = minao
damping factor = 0
level_shift factor = 0
DIIS = <class 'pyscf.scf.diis.CDIIS'>
diis_start_cycle = 1
diis_space = 8
SCF conv_tol = 1e-06
SCF conv_tol_grad = None
SCF max_cycles = 50
direct_scf = True
direct_scf_tol = 1e-13
chkfile to save SCF result = /var/folders/cm/dxbrpnn958s0gr686nw_3fxc0000gn/T/tmpckwu56mh
max_memory 4000 MB (current use 0 MB)
Set gradient conv threshold to 0.001
Overlap 1e
              1           2           3           4           5           6           7           8           9  
   1 -    1.000000    0.000000    0.000000    0.000000    0.153198   -0.195806    0.000000    0.000000    0.350281
   2 -    0.000000    1.000000    0.000000    0.000000    0.245082   -0.225464    0.000000    0.000000   -0.184747
   3 -    0.000000    0.000000    1.000000    0.000000    0.000000    0.000000    0.101425    0.000000    0.319991
   4 -    0.000000    0.000000    0.000000    1.000000    0.000000    0.000000    0.000000    0.101425    0.000000
   5 -    0.153198    0.245082    0.000000    0.000000    1.000000    0.000000    0.000000    0.000000    0.028291
   6 -   -0.195806   -0.225464    0.000000    0.000000    0.000000    1.000000    0.000000    0.000000   -0.034992
   7 -    0.000000    0.000000    0.101425    0.000000    0.000000    0.000000    1.000000    0.000000    0.018273
   8 -    0.000000    0.000000    0.000000    0.101425    0.000000    0.000000    0.000000    1.000000    0.000000
   9 -    0.350281   -0.184747    0.319991    0.000000    0.028291   -0.034992    0.018273    0.000000    1.000000
Rot T
              1           2           3           4  
   1 -    1.000000    0.000000    0.000000    0.000000
   2 -    0.000000    0.000000    0.000000   -1.000000
   3 -    0.000000    0.000000   -1.000000    0.000000
   4 -    0.000000   -1.000000    0.000000    0.000000
b0_rotate
              1           2           3           4  
   1 -   -5.266358   -4.526470    0.000000    0.000000
   2 -    5.684224    4.796865    0.000000    0.000000
   3 -    0.000000    0.000000   -3.660051    0.000000
   4 -    0.000000    0.000000    0.000000   -3.660051
scaled_e: [128.18922988  23.34982824   6.31937477]
scaled_c: [4.19031041 4.0526858  1.26304515]
 
S es	 cs
 4.78499 -0.19248
 0.99860  0.66952
 0.25687  0.50270
Scaled es Scaled cs
11.52778 -0.19248
 2.40578  0.66952
 0.61884  0.50270
us_es [4.78499 0.9986  0.25687]
C(I) 0.66952
idx: 1, jdx: 0
E(I) 0.9986
E(J) 4.78499
C(I) 0.5027
idx: 2, jdx: 0
E(I) 0.25687
E(J) 4.78499
idx: 2, jdx: 1
E(I) 0.25687
E(J) 0.9986
Normalized cs
-0.1924786621454756
0.6695153464237262
0.5026965059254499
Scaled bf
-0.8582265821384444
0.9217492697800748
0.24997668276770008
ovlp: 0.005496236816914539
scaled_e: [128.18922988  23.34982824   6.31937477]
scaled_c: [4.19031041 4.0526858  1.26304515]
 
P es	 cs
 4.78499  0.24158
 0.99860  0.55890
 0.25687  0.43160
Scaled es Scaled cs
11.52778  0.24158
 2.40578  0.55890
 0.61884  0.43160
us_es [4.78499 0.9986  0.25687]
C(I) 0.5589
idx: 1, jdx: 0
E(I) 0.9986
E(J) 4.78499
C(I) 0.4316
idx: 2, jdx: 0
E(I) 0.25687
E(J) 4.78499
idx: 2, jdx: 1
E(I) 0.25687
E(J) 0.9986
Normalized cs
0.2415805144222268
0.558901190125766
0.4316009190522108
Scaled bf
7.314491173912242
2.386961487445411
0.33767197526315573
ovlp: 0.015246053603511557
l =  1
l =  1
scaled_e: [107.28615492  19.54230705   5.28891094]
scaled_c: [3.66661493 3.54619033 1.10519263]
 
S es	 cs
 3.68849 -0.19269
 0.77534  0.61888
 0.20498  0.54926
Scaled es Scaled cs
 6.54177 -0.19269
 1.37512  0.61888
 0.36355  0.54926
us_es [3.68849 0.77534 0.20498]
C(I) 0.61888
idx: 1, jdx: 0
E(I) 0.77534
E(J) 3.68849
C(I) 0.54926
idx: 2, jdx: 0
E(I) 0.20498
E(J) 3.68849
idx: 2, jdx: 1
E(I) 0.20498
E(J) 0.77534
Normalized cs
-0.1926894145182698
0.6188781195550719
0.5492583310929724
Scaled bf
-0.5617455038719686
0.5601051437816179
0.1832759839330033
ovlp: 0.015082683560907766
scaled_e: [107.28615492  19.54230705   5.28891094]
scaled_c: [3.66661493 3.54619033 1.10519263]
 
P es	 cs
 3.68849  0.22281
 0.77534  0.56032
 0.20498  0.43859
Scaled es Scaled cs
 6.54177  0.22281
 1.37512  0.56032
 0.36355  0.43859
us_es [3.68849 0.77534 0.20498]
C(I) 0.56032
idx: 1, jdx: 0
E(I) 0.77534
E(J) 3.68849
C(I) 0.43859
idx: 2, jdx: 0
E(I) 0.20498
E(J) 3.68849
idx: 2, jdx: 1
E(I) 0.20498
E(J) 0.77534
Normalized cs
0.22280850493269094
0.5603162402220968
0.4385870570370671
Scaled bf
3.3227011253743877
1.1893158280971465
0.1764793613060728
ovlp: 0.031039556556824697
l =  1
Atoms: 7 8
gssma: -2.074652961002353
gssam: -3.5067297265802226
gpsma: -1.8274226517423722
gpsam: -3.7686290070081756
gecp
              1           2           3           4  
   1 -    0.000000    0.000000    0.000000    0.000000
   2 -    0.000000    0.000000    0.000000    0.000000
   3 -    0.000000    0.000000    0.000000    0.000000
   4 -    0.000000    0.000000    0.000000    0.000000
Rot T
              1           2           3           4  
   1 -    1.000000    0.000000    0.000000    0.000000
   2 -    0.000000    0.000000    0.000000   -1.000000
   3 -    0.000000    0.866025    0.500000    0.000000
   4 -    0.000000    0.500000   -0.866025    0.000000
b0_rotate
              1           2           3           4  
   1 -   -4.551110    2.163177   -3.746733    0.000000
   2 -    0.000000    0.000000    0.000000    0.000000
   3 -    0.000000    0.000000    0.000000    0.000000
   4 -    0.000000    0.000000    0.000000    0.000000
scaled_e: [128.18922988  23.34982824   6.31937477]
scaled_c: [4.19031041 4.0526858  1.26304515]
 
S es	 cs
 4.78499 -0.19248
 0.99860  0.66952
 0.25687  0.50270
Scaled es Scaled cs
11.52778 -0.19248
 2.40578  0.66952
 0.61884  0.50270
us_es [4.78499 0.9986  0.25687]
C(I) 0.66952
idx: 1, jdx: 0
E(I) 0.9986
E(J) 4.78499
C(I) 0.5027
idx: 2, jdx: 0
E(I) 0.25687
E(J) 4.78499
idx: 2, jdx: 1
E(I) 0.25687
E(J) 0.9986
Normalized cs
-0.1924786621454756
0.6695153464237262
0.5026965059254499
Scaled bf
-0.8582265821384444
0.9217492697800748
0.24997668276770008
ovlp: 0.011435601419689573
scaled_e: [128.18922988  23.34982824   6.31937477]
scaled_c: [4.19031041 4.0526858  1.26304515]
 
P es	 cs
 4.78499  0.24158
 0.99860  0.55890
 0.25687  0.43160
Scaled es Scaled cs
11.52778  0.24158
 2.40578  0.55890
 0.61884  0.43160
us_es [4.78499 0.9986  0.25687]
C(I) 0.5589
idx: 1, jdx: 0
E(I) 0.9986
E(J) 4.78499
C(I) 0.4316
idx: 2, jdx: 0
E(I) 0.25687
E(J) 4.78499
idx: 2, jdx: 1
E(I) 0.25687
E(J) 0.9986
Normalized cs
0.2415805144222268
0.558901190125766
0.4316009190522108
Scaled bf
7.314491173912242
2.386961487445411
0.33767197526315573
ovlp: 0.02746189853073318
l =  1
l =  1
scaled_e: [107.28615492  19.54230705   5.28891094]
scaled_c: [3.66661493 3.54619033 1.10519263]
 
S es	 cs
 3.68849 -0.19269
 0.77534  0.61888
 0.20498  0.54926
Scaled es Scaled cs
 6.54177 -0.19269
 1.37512  0.61888
 0.36355  0.54926
us_es [3.68849 0.77534 0.20498]
C(I) 0.61888
idx: 1, jdx: 0
E(I) 0.77534
E(J) 3.68849
C(I) 0.54926
idx: 2, jdx: 0
E(I) 0.20498
E(J) 3.68849
idx: 2, jdx: 1
E(I) 0.20498
E(J) 0.77534
Normalized cs
-0.1926894145182698
0.6188781195550719
0.5492583310929724
Scaled bf
-0.5617455038719686
0.5601051437816179
0.1832759839330033
ovlp: 0.02405552540037167
scaled_e: [107.28615492  19.54230705   5.28891094]
scaled_c: [3.66661493 3.54619033 1.10519263]
 
P es	 cs
 3.68849  0.22281
 0.77534  0.56032
 0.20498  0.43859
Scaled es Scaled cs
 6.54177  0.22281
 1.37512  0.56032
 0.36355  0.43859
us_es [3.68849 0.77534 0.20498]
C(I) 0.56032
idx: 1, jdx: 0
E(I) 0.77534
E(J) 3.68849
C(I) 0.43859
idx: 2, jdx: 0
E(I) 0.20498
E(J) 3.68849
idx: 2, jdx: 1
E(I) 0.20498
E(J) 0.77534
Normalized cs
0.22280850493269094
0.5603162402220968
0.4385870570370671
Scaled bf
3.3227011253743877
1.1893158280971465
0.1764793613060728
ovlp: 0.04404840344967063
l =  1
Atoms: 7 1
gssam: -3.945455886934286
gecp
              1           2           3           4  
   1 -    0.000000    0.000000    0.000000    0.000000
   2 -    0.000000    0.000000    0.000000    0.000000
   3 -    0.000000    0.000000    0.000000    0.000000
   4 -    0.000000    0.000000    0.000000    0.000000
Rot T
              1           2           3           4  
   1 -    1.000000    0.000000    0.000000    0.000000
   2 -    0.000000    0.000000    0.000000   -1.000000
   3 -    0.000000    0.462885    0.886418    0.000000
   4 -    0.000000    0.886418   -0.462885    0.000000
b0_rotate
              1           2           3           4  
   1 -   -0.908397    0.986550   -0.515173    0.000000
   2 -    0.000000    0.000000    0.000000    0.000000
   3 -    0.000000    0.000000    0.000000    0.000000
   4 -    0.000000    0.000000    0.000000    0.000000
scaled_e: [128.18922988  23.34982824   6.31937477]
scaled_c: [4.19031041 4.0526858  1.26304515]
 
S es	 cs
 4.78499 -0.19248
 0.99860  0.66952
 0.25687  0.50270
Scaled es Scaled cs
11.52778 -0.19248
 2.40578  0.66952
 0.61884  0.50270
us_es [4.78499 0.9986  0.25687]
C(I) 0.66952
idx: 1, jdx: 0
E(I) 0.9986
E(J) 4.78499
C(I) 0.5027
idx: 2, jdx: 0
E(I) 0.25687
E(J) 4.78499
idx: 2, jdx: 1
E(I) 0.25687
E(J) 0.9986
Normalized cs
-0.1924786621454756
0.6695153464237262
0.5026965059254499
Scaled bf
-0.8582265821384444
0.9217492697800748
0.24997668276770008
ovlp: 5.4969008634125534e-05
scaled_e: [128.18922988  23.34982824   6.31937477]
scaled_c: [4.19031041 4.0526858  1.26304515]
 
P es	 cs
 4.78499  0.24158
 0.99860  0.55890
 0.25687  0.43160
Scaled es Scaled cs
11.52778  0.24158
 2.40578  0.55890
 0.61884  0.43160
us_es [4.78499 0.9986  0.25687]
C(I) 0.5589
idx: 1, jdx: 0
E(I) 0.9986
E(J) 4.78499
C(I) 0.4316
idx: 2, jdx: 0
E(I) 0.25687
E(J) 4.78499
idx: 2, jdx: 1
E(I) 0.25687
E(J) 0.9986
Normalized cs
0.2415805144222268
0.558901190125766
0.4316009190522108
Scaled bf
7.314491173912242
2.386961487445411
0.33767197526315573
ovlp: 0.0002461628496446809
l =  1
l =  1
scaled_e: [107.28615492  19.54230705   5.28891094]
scaled_c: [3.66661493 3.54619033 1.10519263]
 
S es	 cs
 3.68849 -0.19269
 0.77534  0.61888
 0.20498  0.54926
Scaled es Scaled cs
 6.54177 -0.19269
 1.37512  0.61888
 0.36355  0.54926
us_es [3.68849 0.77534 0.20498]
C(I) 0.61888
idx: 1, jdx: 0
E(I) 0.77534
E(J) 3.68849
C(I) 0.54926
idx: 2, jdx: 0
E(I) 0.20498
E(J) 3.68849
idx: 2, jdx: 1
E(I) 0.20498
E(J) 0.77534
Normalized cs
-0.1926894145182698
0.6188781195550719
0.5492583310929724
Scaled bf
-0.5617455038719686
0.5601051437816179
0.1832759839330033
ovlp: 0.0009262025243662222
scaled_e: [107.28615492  19.54230705   5.28891094]
scaled_c: [3.66661493 3.54619033 1.10519263]
 
P es	 cs
 3.68849  0.22281
 0.77534  0.56032
 0.20498  0.43859
Scaled es Scaled cs
 6.54177  0.22281
 1.37512  0.56032
 0.36355  0.43859
us_es [3.68849 0.77534 0.20498]
C(I) 0.56032
idx: 1, jdx: 0
E(I) 0.77534
E(J) 3.68849
C(I) 0.43859
idx: 2, jdx: 0
E(I) 0.20498
E(J) 3.68849
idx: 2, jdx: 1
E(I) 0.20498
E(J) 0.77534
Normalized cs
0.22280850493269094
0.5603162402220968
0.4385870570370671
Scaled bf
3.3227011253743877
1.1893158280971465
0.1764793613060728
ovlp: 0.003037446978464578
l =  1
Atoms: 8 1
gssam: -0.0734047155095414
gecp
              1           2           3           4  
   1 -    0.000000    0.000000    0.000000    0.000000
   2 -    0.000000    0.000000    0.000000    0.000000
   3 -    0.000000    0.000000    0.000000    0.000000
   4 -    0.000000    0.000000    0.000000    0.000000
Rot T
              1           2           3           4  
   1 -    1.000000    0.000000    0.000000    0.000000
   2 -    0.000000    0.000000    0.000000   -1.000000
   3 -    0.000000    0.000000    1.000000    0.000000
   4 -    0.000000    1.000000    0.000000    0.000000
Rot T
              1           2           3           4  
   1 -    1.000000    0.000000    0.000000    0.000000
   2 -    0.000000    0.000000    0.000000   -1.000000
   3 -    0.000000    0.866025    0.500000    0.000000
   4 -    0.000000    0.500000   -0.866025    0.000000
Rot T
              1           2           3           4  
   1 -    1.000000    0.000000    0.000000    0.000000
   2 -    0.000000    0.000000    0.000000   -1.000000
   3 -    0.000000    0.462885    0.886418    0.000000
   4 -    0.000000    0.886418   -0.462885    0.000000
  Electronic Energy:   -5.0111722 Eh, -136.3609407 eV
  Nuclear Energy:      13.4333993 Eh,  365.5414147 eV

init E= 8.42222715078545
  HOMO = 5.43054964354267  LUMO = 5.43920656143484
Rot T
              1           2           3           4  
   1 -    1.000000    0.000000    0.000000    0.000000
   2 -    0.000000    0.000000    0.000000   -1.000000
   3 -    0.000000    0.000000    1.000000    0.000000
   4 -    0.000000    1.000000    0.000000    0.000000
Rot T
              1           2           3           4  
   1 -    1.000000    0.000000    0.000000    0.000000
   2 -    0.000000    0.000000    0.000000   -1.000000
   3 -    0.000000    0.866025    0.500000    0.000000
   4 -    0.000000    0.500000   -0.866025    0.000000
Rot T
              1           2           3           4  
   1 -    1.000000    0.000000    0.000000    0.000000
   2 -    0.000000    0.000000    0.000000   -1.000000
   3 -    0.000000    0.462885    0.886418    0.000000
   4 -    0.000000    0.886418   -0.462885    0.000000
  Electronic Energy:  -40.4380686 Eh, -1100.3758942 eV
  Nuclear Energy:      13.4333993 Eh,  365.5414147 eV

cycle= 1 E= -27.0046692800879  delta_E= -35.4  |g|= 0.186  |ddm|= 2.76
  HOMO = 5.3532015006465  LUMO = 5.7050032852592
Rot T
              1           2           3           4  
   1 -    1.000000    0.000000    0.000000    0.000000
   2 -    0.000000    0.000000    0.000000   -1.000000
   3 -    0.000000    0.000000    1.000000    0.000000
   4 -    0.000000    1.000000    0.000000    0.000000
Rot T
              1           2           3           4  
   1 -    1.000000    0.000000    0.000000    0.000000
   2 -    0.000000    0.000000    0.000000   -1.000000
   3 -    0.000000    0.866025    0.500000    0.000000
   4 -    0.000000    0.500000   -0.866025    0.000000
Rot T
              1           2           3           4  
   1 -    1.000000    0.000000    0.000000    0.000000
   2 -    0.000000    0.000000    0.000000   -1.000000
   3 -    0.000000    0.462885    0.886418    0.000000
   4 -    0.000000    0.886418   -0.462885    0.000000
  Electronic Energy:  -40.4405912 Eh, -1100.4445375 eV
  Nuclear Energy:      13.4333993 Eh,  365.5414147 eV

cycle= 2 E= -27.0071918743476  delta_E= -0.00252  |g|= 0.00655  |ddm|= 0.0376
  HOMO = 5.35028902978824  LUMO = 5.70231038791766
Rot T
              1           2           3           4  
   1 -    1.000000    0.000000    0.000000    0.000000
   2 -    0.000000    0.000000    0.000000   -1.000000
   3 -    0.000000    0.000000    1.000000    0.000000
   4 -    0.000000    1.000000    0.000000    0.000000
Rot T
              1           2           3           4  
   1 -    1.000000    0.000000    0.000000    0.000000
   2 -    0.000000    0.000000    0.000000   -1.000000
   3 -    0.000000    0.866025    0.500000    0.000000
   4 -    0.000000    0.500000   -0.866025    0.000000
Rot T
              1           2           3           4  
   1 -    1.000000    0.000000    0.000000    0.000000
   2 -    0.000000    0.000000    0.000000   -1.000000
   3 -    0.000000    0.462885    0.886418    0.000000
   4 -    0.000000    0.886418   -0.462885    0.000000
  Electronic Energy:  -40.4405942 Eh, -1100.4446201 eV
  Nuclear Energy:      13.4333993 Eh,  365.5414147 eV

cycle= 3 E= -27.0071949083719  delta_E= -3.03e-06  |g|= 0.000156  |ddm|= 0.00132
  HOMO = 5.35028646842455  LUMO = 5.70230521934955
Rot T
              1           2           3           4  
   1 -    1.000000    0.000000    0.000000    0.000000
   2 -    0.000000    0.000000    0.000000   -1.000000
   3 -    0.000000    0.000000    1.000000    0.000000
   4 -    0.000000    1.000000    0.000000    0.000000
Rot T
              1           2           3           4  
   1 -    1.000000    0.000000    0.000000    0.000000
   2 -    0.000000    0.000000    0.000000   -1.000000
   3 -    0.000000    0.866025    0.500000    0.000000
   4 -    0.000000    0.500000   -0.866025    0.000000
Rot T
              1           2           3           4  
   1 -    1.000000    0.000000    0.000000    0.000000
   2 -    0.000000    0.000000    0.000000   -1.000000
   3 -    0.000000    0.462885    0.886418    0.000000
   4 -    0.000000    0.886418   -0.462885    0.000000
  Electronic Energy:  -40.4405942 Eh, -1100.4446201 eV
  Nuclear Energy:      13.4333993 Eh,  365.5414147 eV

cycle= 4 E= -27.0071949096572  delta_E= -1.29e-09  |g|= 4.63e-06  |ddm|= 2.61e-05
  HOMO = 5.35028626562149  LUMO = 5.70230499630805
Rot T
              1           2           3           4  
   1 -    1.000000    0.000000    0.000000    0.000000
   2 -    0.000000    0.000000    0.000000   -1.000000
   3 -    0.000000    0.000000    1.000000    0.000000
   4 -    0.000000    1.000000    0.000000    0.000000
Rot T
              1           2           3           4  
   1 -    1.000000    0.000000    0.000000    0.000000
   2 -    0.000000    0.000000    0.000000   -1.000000
   3 -    0.000000    0.866025    0.500000    0.000000
   4 -    0.000000    0.500000   -0.866025    0.000000
Rot T
              1           2           3           4  
   1 -    1.000000    0.000000    0.000000    0.000000
   2 -    0.000000    0.000000    0.000000   -1.000000
   3 -    0.000000    0.462885    0.886418    0.000000
   4 -    0.000000    0.886418   -0.462885    0.000000
  Electronic Energy:  -40.4405942 Eh, -1100.4446201 eV
  Nuclear Energy:      13.4333993 Eh,  365.5414147 eV

Extra cycle  E= -27.0071949096592  delta_E= -2e-12  |g|= 3.01e-07  |ddm|= 1.17e-06
converged SCF energy = -27.0071949096592
Heat of formation = -5029.0546486609 kcal/mol, -8.01415164379171 Eh
