ovlpS: 0.020040873194341172
ovlpP: 0.04315894922601496
ovlpS: 0.009279143400205681
ovlpP: 0.026019483892841158
ovlpS: 0.04361561412734481
ovlpS: 0.003167246214268434
