ovlp: 0.005496236816914539
ovlp: 0.015246053603511557
ovlp: 0.015082683560907766
ovlp: 0.031039556556824697
